Year,Month,Day,Stock 1,Stock 2,Stock 3,Stock 4,Stock 5,Index,EURUSD,USDEUR
2016,1,4,116.705612,67.670151,97.737862,99.117409,28.870792,187.698959,1.0803,0.925668795704897
2016,1,5,116.619774,68.246742,95.763756,96.633583,28.687372,188.016418,1.0743,0.930838685655776
2016,1,6,116.036041,67.678894,95.251228,94.742485,27.972017,185.64473,1.0762,0.929195316855603
2016,1,7,114.053009,66.595612,94.43502,90.743942,26.578003,181.190842,1.086,0.920810313075506
2016,1,8,112.997116,65.250244,94.197739,91.22377,26.027733,179.201996,1.0885,0.91869545245751
2016,1,11,114.370621,64.376625,94.833633,92.700867,26.101109,179.379395,1.0878,0.919286633572348
2016,1,12,114.087349,65.695786,96.295235,94.046272,26.101109,180.826675,1.0837,0.922764602749838
2016,1,13,112.602226,66.088905,93.466934,91.628334,24.661232,176.316788,1.0862,0.920640765973117
2016,1,14,114.095932,69.120361,94.064865,93.632301,24.899679,179.211304,1.0862,0.920640765973117
2016,1,15,111.623589,67.774986,89.120079,91.383713,23.817486,175.364334,1.0964,0.912075884713608
2016,1,19,109.97538,66.74411,89.186516,90.941513,24.08345,175.597778,1.0906,0.916926462497708
2016,1,20,104.610115,63.931091,87.829315,91.063828,23.147995,173.347458,1.0908,0.916758342500917
2016,1,21,105.511482,64.734802,89.233963,90.602806,22.726122,174.318558,1.0833,0.923105326317733
2016,1,22,105.159515,66.892632,91.967369,95.419914,23.487328,177.89476,1.0814,0.924727205474385
2016,1,25,104.798965,64.62999,90.439323,93.55706,22.909542,175.205612,1.0832,0.923190546528804
2016,1,26,105.236771,67.00621,91.369431,94.074509,23.37727,177.595947,1.0846,0.921998893601328
2016,1,27,103.837509,65.774406,89.518707,87.893181,23.404947,175.663162,1.0867,0.920217171252416
2016,1,28,104.919159,67.259552,88.768913,88.523552,23.220442,176.578186,1.0952,0.913075237399562
2016,1,29,107.125351,68.010857,90.942345,91.581261,23.875446,180.882675,1.0832,0.923190546528804
2016,2,1,107.159706,66.648018,90.306442,90.725128,23.718613,180.817322,1.0888,0.91844232182219
2016,2,2,105.537254,65.16288,88.379784,88.890472,22.602335,177.558594,1.0908,0.916758342500917
2016,2,3,107.065277,68.561249,90.296959,90.649841,22.436274,178.623077,1.1051,0.904895484571532
2016,2,4,109.580505,69.740631,90.572197,91.37822,23.072832,178.903183,1.1199,0.892936869363336
2016,2,5,110.3703,69.959023,89.120079,88.937683,22.463951,175.495071,1.1131,0.898391878537418
2016,2,8,110.11879,70.902527,87.430695,89.874184,20.914078,173.132706,1.117,0.895255147717099
2016,2,9,107.595192,70.593987,87.620514,89.855255,21.153942,173.14209,1.13,0.884955752212389
2016,2,10,104.230408,69.95047,84.327148,89.174171,20.941751,172.992691,1.1222,0.8911067545892
2016,2,11,102.201111,70.170845,85.712822,88.634987,20.009987,170.742355,1.1362,0.880126738250308
2016,2,12,104.967537,71.431442,86.510063,88.909309,21.301548,174.262558,1.1235,0.890075656430797
2016,2,16,106.441795,71.598961,88.180481,91.416077,21.88275,177.203781,1.114,0.897666068222621
2016,2,17,109.355637,72.286545,90.638626,92.816063,22.353249,180.098389,1.114,0.897666068222621
2016,2,18,114.862442,72.683243,90.325417,91.05661,22.104158,179.360718,1.1092,0.901550667147494
2016,2,19,115.408783,72.727325,90.173569,90.848495,22.141064,179.276688,1.1127,0.898714837781972
2016,2,22,116.007172,72.630348,91.46434,91.643089,22.639236,181.872452,1.1018,0.907605736068252
2016,2,23,114.819084,71.607758,90.524734,89.571465,21.873524,179.575485,1.1016,0.907770515613653
2016,2,24,115.165962,71.863411,90.572197,90.905258,21.873524,180.397171,1.1021,0.907358678885763
2016,2,25,116.640236,72.295372,90.780991,91.529579,22.722269,182.582108,1.1026,0.906947215672048
2016,2,26,114.498207,72.06617,90.458305,91.671463,23.211216,182.161942,1.0932,0.914745700695207
2016,2,29,113.631004,70.655685,90.657616,91.463356,22.786844,180.733292,1.0868,0.920132499079867
2016,3,1,116.527489,71.651848,92.679184,95.095795,24.069181,184.981781,1.0847,0.921913893242371
2016,3,2,118.20121,72.903633,92.062279,95.303894,24.087635,185.81282,1.0845,0.922083909635777
2016,3,3,119.502014,72.639175,93.789627,96.013351,24.115305,186.541138,1.0948,0.913408841797589
2016,3,4,119.502014,72.542198,93.466934,97.441711,24.106081,187.148041,1.101,0.908265213442325
2016,3,7,121.539986,74.455147,94.330612,96.363358,24.069181,187.297455,1.1004,0.908760450745184
2016,3,8,120.603394,72.841927,92.84053,95.568756,23.072832,185.252579,1.1028,0.906782734856728
2016,3,9,121.765465,72.639175,92.688683,95.653908,22.703812,186.167648,1.1022,0.907276356378153
2016,3,10,121.574684,72.445229,92.100243,95.701187,22.740719,186.317032,1.1162,0.895896792689482
2016,3,11,123.456535,72.454056,92.954437,96.732269,23.986151,189.323639,1.118,0.894454382826476
2016,3,14,123.820747,72.648003,93.780136,96.978226,23.903124,189.080856,1.1107,0.900333123255605
2016,3,15,123.976852,73.009415,93.239151,98.926865,23.4603,188.772736,1.1112,0.899928005759539
2016,3,16,125.563873,73.053497,93.42897,100.24173,23.211216,189.865204,1.1075,0.90293453724605
2016,3,17,127.515091,74.137794,94.529922,100.080917,23.847771,191.069748,1.1316,0.883704489218805
2016,3,18,127.558449,74.225945,94.150284,100.194412,24.244461,191.820572,1.1292,0.885582713425434
2016,3,21,128.893967,73.714661,93.447952,100.184975,23.930799,192.092743,1.126,0.88809946714032
2016,3,22,128.434357,74.155426,92.612747,100.951187,23.838543,191.989502,1.1228,0.89063056644104
2016,3,23,126.092857,73.829262,91.900932,100.393074,23.312695,190.722473,1.1174,0.894934669769107
2016,3,24,128.30426,74.032021,92.271072,99.957932,22.999029,190.63797,1.1163,0.895816536773269
2016,3,28,128.694489,74.243568,93.096779,99.503891,22.805292,190.750595,1.121,0.892060660124888
2016,3,29,129.501007,74.516861,93.163231,101.859291,22.860649,192.51506,1.1204,0.892538379150303
2016,3,30,128.703186,74.508034,93.875046,103.637657,23.128183,193.359772,1.133,0.88261253309797
2016,3,31,131.339523,73.68821,94.254692,103.098488,23.072832,192.890533,1.139,0.877963125548727
2016,4,1,132.267426,73.132843,94.026901,104.044418,23.552559,194.204483,1.1385,0.878348704435661
2016,4,4,131.877167,73.309143,93.656754,105.11335,23.100512,193.575653,1.1386,0.878271561566836
2016,4,5,130.082001,72.47168,92.062279,103.87413,22.491629,191.642242,1.1374,0.879198171267804
2016,4,6,130.099396,73.441376,92.51783,104.961983,22.528532,193.735168,1.143,0.874890638670166
2016,4,7,128.564438,72.612724,91.265038,102.672806,21.88275,191.416962,1.1386,0.878271561566836
2016,4,8,129.518372,73.353218,91.511795,102.786316,21.910427,191.933197,1.1406,0.876731544800982
2016,4,11,129.431625,73.450203,91.369431,103.126831,22.242544,191.482681,1.1412,0.87627059235892
2016,4,12,129.761154,74.358185,92.394455,104.470108,22.676138,193.265945,1.1395,0.877577885037297
2016,4,13,131.148712,74.781326,94.416023,105.98362,23.875446,195.218124,1.1281,0.886446237035724
2016,4,14,131.088013,75.310249,93.609291,106.040352,24.142984,195.227524,1.1262,0.887941751021133
2016,4,15,131.573654,74.904747,93.571327,103.911995,23.764738,195.011627,1.1295,0.885347498893316
2016,4,18,132.276093,75.618782,96.314217,101.670097,23.737061,196.381897,1.1322,0.883236177353824
2016,4,19,124.878784,75.997849,97.415169,101.130913,24.410524,197.001328,1.1375,0.879120879120879
2016,4,20,126.708588,76.51796,98.013092,101.33902,25.28694,197.189072,1.133,0.88261253309797
2016,4,21,129.474976,76.509155,97.671425,100.24173,25.148556,196.12851,1.1301,0.88487744447394
2016,4,22,128.781204,77.161499,98.487656,99.9674,25.554478,196.12851,1.1239,0.889758875344782
2016,4,25,129.050079,76.985168,99.246933,99.399841,25.397642,195.790619,1.1274,0.886996629412808
2016,4,26,129.28421,77.249641,99.550644,98.709282,25.41609,196.081558,1.1318,0.883548330093656
2016,4,27,130.489655,77.981316,99.920776,92.532272,25.536686,196.485168,1.1322,0.883236177353824
2016,4,28,127.54113,77.602257,98.734421,89.703918,25.258404,194.701904,1.1325,0.883002207505519
2016,4,29,126.56115,77.928444,98.003609,88.672829,25.10071,193.650711,1.1441,0.87404947120007
2016,5,2,125.980118,78.571953,99.047615,88.578232,25.286232,195.189957,1.1516,0.868357068426537
2016,5,3,124.991508,77.672791,98.497147,90.034988,24.943022,193.49118,1.1508,0.868960722975321
2016,5,4,125.095566,77.522919,98.392731,89.098503,24.37719,192.411865,1.1486,0.870625108828139
2016,5,5,127.020775,77.611076,99.588608,88.736847,24.275154,192.374313,1.1404,0.876885303402315
2016,5,6,128.964539,78.025406,100.167549,88.241974,24.349361,193.078217,1.1421,0.875580071797566
2016,5,9,130.246368,78.078293,99.97773,88.308601,24.210218,193.237778,1.1402,0.877039115944571
2016,5,10,132.571228,79.330086,101.173592,88.908142,24.701843,195.640442,1.1386,0.878271561566836
2016,5,11,131.669525,78.94783,97.082993,88.042122,24.451393,193.810272,1.1444,0.873820342537574
2016,5,12,131.572342,79.712326,96.532501,85.976913,24.330809,193.866577,1.138,0.878734622144113
2016,5,13,130.58223,78.814507,95.403084,86.148216,24.015425,192.177185,1.1294,0.885425889853019
2016,5,16,132.120407,79.623444,95.251228,89.345955,24.312258,194.073074,1.1328,0.882768361581921
2016,5,17,130.829758,79.587883,94.852623,88.97477,24.265877,192.261688,1.1337,0.882067566375584
2016,5,18,130.246368,79.427872,93.960464,89.993103,25.267681,192.317993,1.1276,0.886839304717985
2016,5,19,128.115921,80.10347,93.400513,89.650475,24.683294,191.651627,1.1214,0.891742464776173
2016,5,20,130.166779,79.774567,94.70076,90.621223,24.831713,192.862366,1.1207,0.892299455697332
2016,5,23,129.742462,79.650101,94.131302,91.772781,24.887365,192.599533,1.1192,0.89349535382416
2016,5,24,131.103821,79.712326,94.444511,93.171783,25.425371,195.096115,1.1145,0.897263346792283
2016,5,25,134.09166,80.236816,94.776688,94.808731,25.768579,196.419434,1.1154,0.89653935807782
2016,5,26,134.754684,79.827896,94.729233,95.560585,25.434645,196.475754,1.1184,0.894134477825465
2016,5,27,135.108276,80.014587,95.184799,95.503456,25.536686,197.320465,1.114,0.897666068222621
2016,5,31,135.903854,79.134514,94.169266,95.037117,25.388264,196.945023,1.1135,0.898069151324652
2016,6,1,134.816544,79.330086,93.504898,93.704742,25.499577,197.348633,1.1165,0.895656068069861
2016,6,2,135.691681,78.698929,93.69471,93.000496,25.304783,197.94928,1.1157,0.89629828807027
2016,6,3,135.152466,78.556702,93.72319,93.190834,24.618362,197.358017,1.133,0.88261253309797
2016,6,6,135.011032,79.418968,93.751663,93.866531,24.90592,198.362244,1.1354,0.8807468733486
2016,6,7,135.541428,80.636841,93.343552,94.247215,24.599813,198.671951,1.135,0.881057268722467
2016,6,8,136.133667,80.707962,93.049332,94.161552,24.618362,199.319611,1.14,0.87719298245614
2016,6,9,135.620972,80.601288,92.859497,94.837273,24.191673,199.047394,1.1329,0.88269044046253
2016,6,10,134.69278,79.9879,92.384964,94.056877,23.690767,197.160889,1.1281,0.886446237035724
2016,6,13,133.729233,80.530167,92.603256,92.63884,23.43104,195.640442,1.1282,0.886367665307569
2016,6,14,133.53476,80.387932,93.391014,92.753036,22.818829,195.255615,1.1206,0.892379082634303
2016,6,15,133.198853,80.147934,93.267624,92.448509,22.93014,194.983475,1.1239,0.889758875344782
2016,6,16,133.53476,81.090218,93.372025,92.838699,23.254799,195.565384,1.1158,0.896217960207923
2016,6,17,134.356888,80.645737,93.960464,90.725914,23.477421,194.837067,1.1256,0.888415067519545
2016,6,20,135.78894,81.00132,94.501457,90.507019,24.024702,196.091812,1.1318,0.883548330093656
2016,6,21,136.177887,81.365799,93.789627,91.277893,24.30298,196.648438,1.1262,0.887941751021133
2016,6,22,135.179001,81.045761,93.761154,90.935295,24.479227,196.327682,1.1286,0.886053517632465
2016,6,23,137.327057,81.60582,93.979439,91.458733,25.314062,198.884384,1.1373,0.879275477006946
2016,6,24,129.583359,79.463432,90.847435,88.88913,22.744619,191.742584,1.1126,0.898795613877404
2016,6,27,126.851845,78.992279,89.575638,87.59481,21.900509,188.308548,1.1024,0.90711175616836
2016,6,28,128.796616,80.814629,91.160629,89.069954,22.828106,191.704865,1.1054,0.904649900488511
2016,6,29,131.236389,82.19252,92.043289,89.840843,23.403214,194.969101,1.1117,0.899523252676082
2016,6,30,134.171234,83.330376,92.84053,90.98288,24.098909,197.629578,1.1032,0.906453952139231
2016,7,1,134.67511,83.419266,93.039841,91.258865,24.043259,198.044724,1.1145,0.897263346792283
2016,7,5,134.08284,82.690331,92.688683,90.402336,23.189867,196.620117,1.108,0.902527075812274
2016,7,6,134.69278,83.641495,93.438461,90.916252,23.329004,197.799423,1.1077,0.902771508531191
2016,7,7,134.896088,82.636978,94.078979,91.306458,23.82991,197.676773,1.1065,0.903750564844103
2016,7,8,136.540298,83.152565,95.235725,92.010704,24.460672,200.620239,1.1038,0.905961224859576
2016,7,11,137.309418,83.463715,95.57988,92.296219,24.544155,201.32785,1.1045,0.905387052965143
2016,7,12,138.820999,84.406006,95.790199,92.714973,25.388264,202.790146,1.1074,0.903016073686112
2016,7,13,139.687317,84.343781,95.484276,92.191536,25.19347,202.761871,1.1112,0.899928005759539
2016,7,14,141.68512,84.406006,95.57032,94.018806,25.972651,203.893967,1.1109,0.900171032496174
2016,7,15,141.243118,84.557114,95.407806,94.0093,25.981928,203.620377,1.1059,0.904240889773035
2016,7,18,141.313843,84.290443,95.742401,95.008583,26.16744,204.167557,1.1076,0.902853015529072
2016,7,19,141.06633,83.979317,95.092323,95.046654,26.148891,203.960007,1.1014,0.907935355002724
2016,7,20,142.639832,83.49926,93.897339,95.132294,26.696177,204.809082,1.1007,0.908512764604343
2016,7,21,141.835388,83.428146,93.696571,94.627907,26.779659,204.035492,1.1016,0.907770515613653
2016,7,22,143.267441,83.570389,93.409782,93.895088,26.82604,204.950623,1.0968,0.911743253099927
2016,7,25,143.780151,81.961388,93.103867,92.63884,27.020836,204.393997,1.098,0.910746812386157
2016,7,26,143.311615,81.365799,92.434677,92.00119,27.113594,204.488342,1.0984,0.910415149308084
2016,7,27,143.055298,80.814629,92.09053,97.97789,27.10425,204.271362,1.0988,0.910083727702949
2016,7,28,142.648651,80.183479,91.689003,99.300751,26.954817,204.507217,1.1094,0.901388137732107
2016,7,29,141.985657,79.072281,91.727242,99.177032,26.833397,204.837402,1.1168,0.89541547277937
2016,8,1,142.719391,76.325439,91.335289,100.928177,26.61858,204.667587,1.1176,0.894774516821761
2016,8,2,141.950317,77.374397,90.828606,99.434013,26.151587,203.356232,1.1225,0.89086859688196
2016,8,3,142.029846,77.774414,91.861076,100.68074,26.543861,203.950546,1.117,0.895255147717099
2016,8,4,142.807755,77.765533,90.972008,101.302704,26.413105,204.167557,1.1134,0.89814981138854
2016,8,5,144.531555,77.836647,91.612526,102.843239,27.094913,205.837433,1.108,0.902527075812274
2016,8,8,144.478027,78.752258,91.536049,103.694847,27.197655,205.714783,1.1078,0.90269001624842
2016,8,9,144.23732,78.850044,92.41555,104.115845,27.403126,205.837433,1.111,0.9000900090009
2016,8,10,144.513687,77.469398,93.553185,103.340813,27.188311,205.327957,1.1171,0.895175006713813
2016,8,11,145.806549,77.74733,93.46714,103.273819,27.440485,206.280853,1.1168,0.89541547277937
2016,8,12,144.397781,78.760391,92.578072,103.513039,27.24435,206.101593,1.1172,0.895094880057286
2016,8,15,144.335388,78.724541,92.826622,104.756958,27.702,206.695923,1.1199,0.892936869363336
2016,8,16,143.283249,78.823158,92.61631,104.661263,28.253056,205.629868,1.1277,0.886760663296976
2016,8,17,143.051453,78.993492,92.606758,104.508171,28.365133,206.016693,1.1263,0.887862913966084
2016,8,18,143.871765,79.710724,92.396423,104.374222,28.533251,206.478958,1.1334,0.882301041115229
2016,8,19,142.694794,78.715569,92.147873,104.642128,28.533251,206.177063,1.1326,0.88292424509977
2016,8,22,142.659134,78.88591,91.650764,103.828804,28.579948,206.167648,1.1314,0.88386070355312
2016,8,23,142.890961,78.643845,91.746368,104.154129,28.692028,206.582733,1.1308,0.884329678103997
2016,8,24,141.812103,78.912804,91.602966,103.369514,28.869484,205.526108,1.1256,0.888415067519545
2016,8,25,141.437607,78.410759,91.344849,102.929344,28.925524,205.384567,1.1274,0.886996629412808
2016,8,26,141.16124,78.24041,91.019806,102.326515,29.102982,204.997787,1.1237,0.889917237696894
2016,8,29,142.40947,78.751427,90.694778,102.211693,29.336475,206.007263,1.1182,0.894294401717045
2016,8,30,142.124161,78.464539,90.685211,101.427101,30.064985,205.667618,1.115,0.896860986547085
2016,8,31,141.660522,78.123863,90.302818,101.522766,29.943569,205.082687,1.1146,0.897182845863987
2016,9,1,142.249008,77.854889,90.11161,102.125595,29.803469,205.092133,1.1194,0.893335715561908
2016,9,2,142.257919,78.37487,90.264572,103.082443,29.78479,206.016693,1.1158,0.896217960207923
2016,9,6,142.971207,79.405899,89.671867,103.053741,29.654036,206.639359,1.1237,0.889917237696894
2016,9,7,144.121414,79.110039,89.585823,103.685272,29.597992,206.620483,1.1238,0.889838049474996
2016,9,8,141.767502,79.836235,89.949097,100.967781,29.924887,206.148758,1.1256,0.888415067519545
2016,9,9,138.816269,77.854889,88.352592,98.680893,29.504595,201.21463,1.1214,0.891742464776173
2016,9,12,141.134476,78.258331,89.518906,100.891243,30.111687,204.101547,1.123,0.890471950133571
2016,9,13,138.923233,76.393555,88.62027,103.292953,29.383175,201.167465,1.1242,0.889521437466643
2016,9,14,137.354004,75.846657,88.199638,106.948166,29.476574,201.091949,1.1271,0.887232721142756
2016,9,15,138.78952,76.277,88.42907,110.584213,29.840828,203.101471,1.1246,0.889205050684688
2016,9,16,137.166763,75.335632,88.486443,109.96228,29.504595,202.31636,1.116,0.896057347670251
2016,9,19,138.085144,75.156334,88.553345,108.680077,29.513931,202.354324,1.1179,0.894534394847482
2016,9,20,137.710648,73.999802,88.859268,108.670494,29.607334,202.363785,1.1172,0.895094880057286
2016,9,21,138.67363,74.681183,88.323921,108.651367,29.812807,204.639465,1.1165,0.895656068069861
2016,9,22,139.19075,74.896347,89.299026,109.675209,30.111687,205.92897,1.1229,0.890551251224508
2016,9,23,138.183212,74.815651,89.165176,107.847618,29.803469,204.800659,1.1223,0.891027354539784
2016,9,26,137.291595,74.465996,87.912842,108.010277,28.981564,203.141327,1.127,0.887311446317657
2016,9,27,139.779221,74.627388,87.683403,108.21122,29.280439,204.40242,1.1208,0.892219842969308
2016,9,28,141.134476,77.908691,88.142281,109.034119,29.672712,205.416977,1.12,0.892857142857143
2016,9,29,140.974014,77.514206,87.759888,107.340485,28.990906,203.558517,1.1244,0.889363215937389
2016,9,30,141.633804,78.249359,88.773232,108.172951,29.943569,205.094574,1.1238,0.889838049474996
2016,10,3,140.528183,78.043175,88.41951,107.66581,29.840828,204.601532,1.121,0.892060660124888
2016,10,4,139.502838,77.325935,88.515121,108.125099,29.924887,203.558517,1.1212,0.891901534070639
2016,10,5,140.055618,77.998352,88.381279,108.172951,30.410563,204.459305,1.1196,0.893176134333691
2016,10,6,139.877304,78.034203,88.74456,108.9767,30.25178,204.601532,1.1158,0.896217960207923
2016,10,7,138.798416,77.765244,88.41951,109.139381,30.177063,203.899872,1.1156,0.896378630333453
2016,10,10,140.002106,79.289352,88.41951,111.043526,30.410563,204.961853,1.1109,0.900171032496174
2016,10,11,138.013809,78.661766,87.817253,111.282745,30.055645,202.373245,1.1062,0.903995660820828
2016,10,12,137.567978,78.114899,87.387054,112.277863,29.803469,202.638779,1.1014,0.907935355002724
2016,10,13,137.059753,77.603859,87.109818,111.933395,29.635345,201.975021,1.1038,0.905961224859576
2016,10,14,137.710648,77.585945,87.281883,112.555351,29.952906,202.079315,1.0985,0.910332271279017
2016,10,17,137.995987,77.585945,86.832573,112.478821,29.691389,201.37767,1.1,0.909090909090909
2016,10,18,134.384903,77.792137,87.1576,112.402275,30.186403,202.638779,1.0997,0.909338910611985
2016,10,19,134.866409,78.150749,87.884163,112.067375,30.756132,203.17923,1.0966,0.911909538573773
2016,10,20,135.098206,78.186615,87.979759,112.009941,30.728117,202.799957,1.0934,0.914578379367112
2016,10,21,133.413025,77.657669,88.935745,111.569786,31.232466,202.89476,1.0866,0.920301859009755
2016,10,24,134.251175,77.917664,89.260796,112.574501,31.17643,203.757614,1.0888,0.91844232182219
2016,10,25,134.527573,77.74733,88.668076,113.148598,31.148403,203.074905,1.089,0.918273645546373
2016,10,26,135.356766,78.079018,89.375511,110.603355,31.372568,202.667221,1.0916,0.916086478563577
2016,10,27,136.729889,77.92662,89.882179,109.54126,31.776581,202.12674,1.0904,0.917094644167278
2016,10,28,136.070084,76.008041,89.719658,108.814041,31.494711,201.529358,1.0934,0.914578379367112
2016,10,31,137.03302,74.699112,88.61071,108.6418,31.541693,201.538879,1.0962,0.912242291552636
2016,11,1,136.23056,74.994957,88.323921,106.680237,31.344376,200.078644,1.1042,0.905633037493208
2016,11,2,135.481613,74.815651,87.865036,106.775925,30.93096,198.874435,1.1119,0.899361453368109
2016,11,3,135.856079,75.003929,89.260796,105.631424,30.827612,197.964172,1.1094,0.901388137732107
2016,11,4,135.909576,74.923241,88.381279,104.67926,30.799419,197.746094,1.1121,0.899199712256092
2016,11,7,138.843033,76.608727,90.274132,106.189255,31.945707,202.107758,1.1038,0.905961224859576
2016,11,8,139.607773,77.160431,90.226334,106.814407,32.039665,203.018021,1.1034,0.906289650172195
2016,11,9,139.283844,78.010651,90.474884,106.641281,34.313446,205.170456,1.0952,0.913075237399562
2016,11,10,144.151276,78.73423,90.780815,103.669388,35.722813,205.682465,1.0882,0.918948722661275
2016,11,11,145.096008,77.486053,93.381104,104.284943,36.164417,205.208359,1.08025,0.925711640823883
2016,11,14,142.342865,77.133301,93.61055,101.668922,36.972454,205.369522,1.0723,0.93257483913084
2016,11,15,142.756744,78.526199,93.400223,103.015404,37.583187,206.972015,1.0726,0.93231400335633
2016,11,16,143.314529,77.558403,94.757736,105.785301,36.822121,206.583252,1.0699,0.934666791288905
2016,11,17,143.773407,77.088089,94.996735,105.746819,37.554996,207.645233,1.0656,0.938438438438438
2016,11,18,144.30426,77.133301,93.916458,105.852631,37.987209,207.180603,1.06,0.943396226415094
2016,11,21,146.445526,78.22773,93.333298,107.458794,38.109352,208.745148,1.0597,0.943663300934227
2016,11,22,146.355576,78.399574,93.409782,107.526115,38.090557,209.152863,1.0618,0.941796948577887
2016,11,23,145.734787,78.616646,93.935577,106.977898,38.560349,209.266647,1.056,0.946969696969697
2016,11,25,146.778442,78.797554,94.470932,107.516495,38.616726,210.044144,1.0595,0.943841434638981
2016,11,28,148.020004,78.209648,94.614342,107.304909,37.996601,209.058044,1.0576,0.94553706505295
2016,11,29,147.129318,77.694084,95.283516,107.199104,38.146931,209.465775,1.0626,0.941087897609637
2016,11,30,145.950714,78.960358,94.757736,106.295036,38.861012,208.963226,1.0578,0.94535829079221
2016,12,1,143.791412,78.90609,94.585655,105.304413,39.612675,208.195175,1.0634,0.940379913485048
2016,12,2,143.971344,78.725189,94.165024,105.698738,39.302612,208.299484,1.0666,0.937558597412338
2016,12,5,143.809418,79.123154,95.56076,104.938942,39.546906,209.551102,1.0723,0.93257483913084
2016,12,6,144.26825,79.195503,96.22995,105.746819,39.941532,210.214828,1.0717,0.933096948772977
2016,12,7,148.262955,79.656792,97.501419,106.785538,40.063675,212.964615,1.0758,0.92954080684142
2016,12,8,148.775772,79.882919,99.591896,107.83387,40.946884,213.486099,1.0625,0.941176470588235
2016,12,9,149.819458,80.49794,101.01767,109.593918,41.087814,214.77565,1.0541,0.948676596148373
2016,12,12,148.901749,82.288788,100.246986,108.968758,40.383133,214.529129,1.0606,0.942862530643032
2016,12,13,151.411926,83.735954,100.044685,110.786522,39.988518,215.960892,1.0635,0.940291490362012
2016,12,14,151.609863,81.92701,100.237366,110.786522,40.270382,214.178314,1.0656,0.938438438438438
2016,12,15,151.169022,82.207397,100.564896,111.392426,40.411324,215.06012,1.0375,0.963855421686747
2016,12,16,150.008392,82.469696,100.102493,111.536713,40.129448,214.639511,1.0456,0.956388676358072
2016,12,19,149.963379,81.782295,101.441551,112.181091,40.242199,215.106842,1.0444,0.957487552661815
2016,12,20,150.791168,81.791336,101.595695,112.479225,40.871716,215.936646,1.039,0.962463907603465
2016,12,21,150.548203,81.655663,101.692024,112.58503,40.749569,215.3358,1.0425,0.959232613908873
2016,12,22,150.305267,82.189308,101.557159,111.844475,40.204609,214.963791,1.0452,0.956754688097972
2016,12,23,149.990402,82.044586,101.297058,112.065674,40.458305,215.278564,1.0449,0.957029380801991
2016,12,27,150.377258,82.08078,101.316315,112.77739,40.514668,215.812683,1.0458,0.956205775482884
2016,12,28,149.522537,81.673767,100.478203,112.296501,40.044888,214.029068,1.0389,0.962556550197324
2016,12,29,149.891418,81.718979,100.728668,112.267647,39.603279,213.981384,1.0486,0.953652489032996
2016,12,30,149.342606,81.637581,100.401131,111.392426,39.697239,213.199265,1.0552,0.947687642153146
2017,1,3,150.422272,82.207397,102.192978,111.709831,40.448898,214.830276,1.0416,0.960061443932412
2017,1,4,152.284653,81.302933,103.503136,111.584778,40.984467,216.108322,1.0476,0.954562810232913
2017,1,5,151.780807,80.090927,103.445335,112.152229,40.608631,215.936646,1.0598,0.943574259294206
2017,1,6,152.527573,80.045715,104.98671,113.402542,41.200565,216.709229,1.056,0.946969696969697
2017,1,9,150.836121,78.725189,104.389435,114.441246,40.129448,215.993881,1.0576,0.94553706505295
2017,1,10,148.919739,77.721207,104.408699,114.556656,40.458305,215.993881,1.0572,0.945894816496406
2017,1,11,150.926086,78.517159,105.429863,115.172195,41.031445,216.604294,1.0501,0.95229025807066
2017,1,12,151.106049,78.092049,103.589836,114.691307,40.99387,216.060669,1.0666,0.937558597412338
2017,1,13,150.557205,78.101097,104.100426,114.489334,41.162991,216.556625,1.0625,0.941176470588235
2017,1,17,151.052048,79.014618,104.013718,115.412643,39.603279,215.793579,1.0695,0.935016362786349
2017,1,18,150.07135,78.037788,104.196762,115.403008,40.270382,216.270477,1.0682,0.936154278225051
2017,1,19,150.080353,76.635849,103.349007,115.20105,39.885159,215.469315,1.063,0.940733772342427
2017,1,20,153.445267,77.685051,103.71508,115.412643,40.016705,216.260941,1.0685,0.935891436593355
2017,1,23,153.877121,76.852921,103.194862,115.489578,39.424767,215.698181,1.074,0.931098696461825
2017,1,24,158.258713,76.961472,103.946289,115.383789,40.148243,217.081207,1.0749,0.930319099451112
2017,1,25,160.409012,77.187576,104.081154,117.220779,41.209957,218.960159,1.0743,0.930838685655776
2017,1,26,160.741898,77.422737,104.100426,117.278488,41.360294,218.731247,1.067,0.937207122774133
2017,1,27,159.51828,77.341347,105.294975,117.288101,41.199833,218.387878,1.069,0.935453695042095
2017,1,30,158.168762,76.753426,106.874886,116.980324,40.699581,217.033524,1.0681,0.936241924913398
2017,1,31,157.017105,75.876083,106.59552,116.711029,40.104954,217.01442,1.0794,0.926440615156569
2017,2,1,156.810181,75.016838,107.221703,123.828148,40.303165,217.100281,1.0758,0.92954080684142
2017,2,2,157.071121,75.478127,106.556984,123.616562,39.765167,217.243347,1.0802,0.925754489909276
2017,2,3,158.186752,75.55954,106.258347,124.145538,41.936058,218.740784,1.0792,0.926612305411416
2017,2,6,158.222702,75.351509,105.555099,125.309273,42.124825,218.349731,1.0731,0.931879601155531
2017,2,7,160.561981,74.863098,105.005981,126.501862,42.351357,218.359283,1.069,0.935453695042095
2017,2,8,159.754898,74.370216,105.005981,126.992355,41.445244,218.645386,1.0708,0.933881210310049
2017,2,9,160.698013,74.698792,105.47802,127.909996,42.332481,219.942551,1.0658,0.938262338149747
2017,2,10,162.031006,75.31945,105.256462,127.620224,42.190903,220.810501,1.065,0.938967136150235
2017,2,13,162.647644,75.757568,105.632164,128.750366,42.719467,222.012253,1.0603,0.943129303027445
2017,2,14,163.345901,75.593285,106.287247,130.421463,43.455685,222.899277,1.0577,0.945447669471495
2017,2,15,164.751495,75.903618,106.142738,130.894775,43.880421,224.062897,1.0597,0.943663300934227
2017,2,16,164.524765,75.11866,106.65332,130.740219,43.521755,223.872147,1.066,0.938086303939962
2017,2,17,163.835602,74.625778,106.02713,131.097626,43.559505,224.225021,1.0614,0.942151874882231
2017,2,21,163.463821,74.744431,105.978981,132.04425,43.946495,225.560318,1.0551,0.947777461851957
2017,2,22,164.270859,73.868202,106.084938,132.440292,43.908733,225.360016,1.0555,0.947418285172904
2017,2,23,164.724289,74.644035,105.709229,131.880051,43.965378,225.51265,1.0586,0.944643869261289
2017,2,24,164.452225,74.005119,106.277611,132.005615,42.974308,225.798782,1.058,0.945179584120983
2017,2,27,162.683914,74.424965,106.19091,132.266418,43.266911,226.151688,1.0624,0.941265060240964
2017,2,28,163.064819,74.224174,106.05603,132.324371,43.106449,225.54126,1.0618,0.941796948577887
2017,3,1,164.996353,75.775833,106.971237,135.028976,44.182461,228.698273,1.0564,0.946611132146914
2017,3,2,163.708633,76.031403,106.537712,134.227295,43.682209,227.258072,1.0514,0.951112801978315
2017,3,3,163.273376,75.264694,107.163895,135.019348,44.201336,227.401123,1.0552,0.947687642153146
2017,3,6,163.654251,75.602409,106.614784,134.59433,43.955929,226.723969,1.0586,0.944643869261289
2017,3,7,163.572601,75.31945,106.797821,134.768204,43.729404,226.046722,1.0582,0.945000945000945
2017,3,8,162.729263,73.959473,106.778549,134.265915,43.786041,225.62709,1.0547,0.948136910969944
2017,3,9,160.670776,74.543633,106.961594,133.956802,44.059761,225.913239,1.0586,0.944643869261289
2017,3,10,161.260223,74.488876,106.855629,134.401154,43.880421,226.704865,1.0667,0.937470704040499
2017,3,13,160.017868,74.315437,107.43364,134.459091,43.663338,226.819351,1.067,0.937207122774133
2017,3,14,159.346817,73.922974,108.194679,134.256256,43.59726,225.951355,1.0645,0.939408172851104
2017,3,15,159.428436,74.844849,107.770821,135.676193,43.276344,227.906631,1.063,0.940733772342427
2017,3,16,160.725174,74.908737,107.616669,135.898361,43.729404,227.458359,1.0738,0.931272117712796
2017,3,17,159.28334,74.844849,107.664841,135.222229,42.492935,227.058929,1.0742,0.930925339787749
2017,3,20,159.32869,74.844849,108.580032,136.642136,42.087074,226.809845,1.0754,0.929886553840432
2017,3,21,157.678299,74.689667,107.655205,135.077301,40.265408,223.89772,1.081,0.925069380203515
2017,3,22,158.494415,74.625778,107.973122,136.6035,39.840664,224.424576,1.08,0.925925925925926
2017,3,23,158.530716,74.717056,108.127258,136.120514,40.199345,224.185089,1.0787,0.927041809585612
2017,3,24,157.632935,74.142029,108.030914,135.850052,40.076633,224.022263,1.0806,0.925411808254673
2017,3,27,157.578522,74.160286,108.262131,136.081879,39.246037,223.792328,1.0882,0.918948722661275
2017,3,28,158.249557,74.698792,108.907578,138.902451,40.104954,225.420807,1.0852,0.921489126428308
2017,3,29,157.732712,74.863098,108.406624,139.211563,40.397549,225.631577,1.0756,0.929713648196356
2017,3,30,157.660141,76.396492,109.032806,139.028015,40.992188,226.350021,1.0726,0.93231400335633
2017,3,31,157.914032,74.853981,109.235123,138.767197,40.435303,225.823181,1.0698,0.93475415965601
2017,4,3,158.240509,74.908737,109.052078,138.805832,40.312603,225.430435,1.0655,0.938526513374003
2017,4,4,158.258636,75.182556,108.897942,139.839371,40.123829,225.574097,1.0664,0.937734433608402
2017,4,5,156.771454,75.32859,108.859413,139.11496,39.397049,224.903549,1.0661,0.937998311603039
2017,4,6,156.3815,75.766701,108.907578,138.767197,39.727402,225.535812,1.0651,0.938878978499672
2017,4,7,156.100403,75.538521,108.454796,138.458099,39.595264,225.305893,1.0616,0.94197437829691
2017,4,10,155.247986,75.876236,108.310295,138.2939,39.557503,225.440002,1.0606,0.942862530643032
2017,4,11,154.685776,75.611526,108.926842,136.806366,39.246037,225.171783,1.0614,0.942151874882231
2017,4,12,154.758286,75.730202,108.897942,136.970566,38.764652,224.185089,1.0611,0.942418245217228
2017,4,13,153.733597,74.56189,109.052078,136.246109,38.405983,222.729019,1.063,0.940733772342427
2017,4,17,155.157303,74.461479,109.610817,136.999512,39.161091,224.702408,1.066,0.938086303939962
2017,4,18,154.205154,73.97773,110.005806,136.391006,38.896797,224.03183,1.0706,0.934055669717915
2017,4,19,146.624115,73.466591,109.562668,135.888687,39.680218,223.619934,1.0707,0.933968431867003
2017,4,20,147.177277,73.941238,110.583824,137.588776,40.114388,225.440002,1.0758,0.92954080684142
2017,4,21,145.436172,73.649155,110.246643,137.424545,39.453678,224.721527,1.0694,0.935103796521414
2017,4,24,145.771698,74.032494,109.53376,138.747894,41.114887,227.193008,1.0846,0.921998893601328
2017,4,25,145.445267,74.598404,110.959526,139.60759,41.78503,228.514954,1.0941,0.91399323645005
2017,4,26,145.145981,74.297203,111.344872,138.78653,41.879421,228.371292,1.0872,0.919793966151582
2017,4,27,145.38176,74.169403,111.595345,138.892776,41.282101,228.562836,1.0864,0.920471281296024
2017,4,28,145.354553,74.525383,111.364136,138.757538,41.120903,228.064743,1.0895,0.917852225791648
2017,5,1,144.039658,74.899597,110.526016,141.587769,41.471725,228.639481,1.0912,0.916422287390029
2017,5,2,144.275452,74.89048,110.179207,142.486099,41.101948,228.725708,1.091,0.916590284142988
2017,5,3,143.849228,75.483757,107.529976,142.051422,41.225201,228.447876,1.092,0.915750915750916
2017,5,4,144.230118,74.516251,107.096474,141.539459,41.035576,228.716125,1.0967,0.911826388255676
2017,5,5,140.602814,74.863098,107.886414,143.886719,40.845951,229.616577,1.0996,0.909421607857403
2017,5,8,140.126648,75.657181,107.337303,147.798767,40.789059,229.578278,1.0928,0.915080527086384
2017,5,9,139.28421,75.127777,107.963478,148.745392,40.608913,229.367523,1.0875,0.919540229885058
2017,5,10,138.49675,75.468697,105.6418,148.040237,40.86491,229.779419,1.0873,0.919709371838499
2017,5,11,137.947342,76.113647,105.564735,149.320557,40.646835,229.310059,1.0869,0.920047842487809
2017,5,12,137.690933,76.058372,105.670692,151.40593,40.514095,228.92688,1.0926,0.915248032216731
2017,5,15,138.734818,76.288704,105.131218,151.017929,41.177799,230.19133,1.0979,0.91082976591675
2017,5,16,140.721832,76.058372,104.023354,150.79483,41.13039,229.980591,1.1072,0.903179190751445
2017,5,17,138.20372,75.542397,102.414536,145.731827,38.845371,225.899811,1.1134,0.89814981138854
2017,5,18,138.066376,75.321266,102.770981,147.952927,39.167736,226.809845,1.113,0.898472596585804
2017,5,19,139.165207,75.487129,103.580193,148.457306,39.632328,228.285065,1.119,0.893655049151028
2017,5,22,139.769531,75.81881,103.686172,149.35936,39.499584,229.444153,1.1236,0.88999644001424
2017,5,23,139.210983,76.086014,103.098534,149.175079,40.220173,229.951874,1.1198,0.893016610108948
2017,5,24,139.650497,75.81881,103.763245,148.728882,40.419285,230.488312,1.1175,0.894854586129754
2017,5,25,140.282333,75.321266,103.339363,149.24295,40.419285,231.58992,1.1218,0.89142449634516
2017,5,26,139.632187,75.137001,104.437599,148.990768,40.618393,231.542068,1.117,0.895255147717099
2017,5,30,138.936249,74.722382,104.370155,149.048965,40.087433,231.340866,1.1183,0.894214432620942
2017,5,31,139.760406,74.169563,103.984833,148.166336,39.575443,231.283386,1.1236,0.88999644001424
2017,6,1,139.797012,74.353836,104.244919,148.573685,40.400322,233.122589,1.1214,0.891742464776173
2017,6,2,139.229279,73.248215,103.25267,150.775436,40.314991,233.89856,1.127,0.887311446317657
2017,6,5,139.558945,73.819458,102.616844,149.301117,40.665798,233.726135,1.125,0.888888888888889
2017,6,6,139.522293,74.823746,101.634232,149.805511,40.713203,232.978943,1.1266,0.887626486774365
2017,6,7,138.249512,74.547333,102.038826,150.697861,41.035576,233.410004,1.1236,0.88999644001424
2017,6,8,139.275055,74.280144,100.497467,150.329269,41.813057,233.524963,1.1217,0.891503967192654
2017,6,9,141.106445,75.671394,101.749825,144.5,42.581051,233.170502,1.119,0.893655049151028
2017,6,12,142.095352,76.40847,103.117798,141.047043,42.524158,233.122589,1.1204,0.892538379150303
2017,6,13,141.24379,76.436119,102.655388,142.181839,42.808605,234.262573,1.1194,0.893335715561908
2017,6,14,140.840881,75.616104,102.250778,140.794876,42.581051,233.965591,1.1277,0.886760663296976
2017,6,15,141.216324,75.791168,102.096634,139.951019,42.372452,233.515381,1.1152,0.896700143472023
2017,6,16,142.278519,76.924446,101.643867,137.991791,42.173347,233.566391,1.1194,0.893335715561908
2017,6,19,141.784042,76.251846,101.508995,141.939392,43.349045,235.510864,1.116,0.896057347670251
2017,6,20,141.884766,75.837219,100.131393,140.649384,43.14045,233.922546,1.1124,0.898957209636821
2017,6,21,140.822571,75.035652,100.959877,141.483521,42.581051,233.864777,1.1143,0.897424391994974
2017,6,22,141.381134,74.703957,100.401131,141.250763,42.296608,233.758881,1.1148,0.897021887334051
2017,6,23,141.115616,75.192291,100.536003,141.88121,41.424316,234.038086,1.1196,0.893176134333691
2017,6,26,142.141159,74.851372,101.70166,141.435043,41.718243,234.192062,1.1196,0.893176134333691
2017,6,27,141.70163,74.73159,101.547523,139.407867,41.926826,232.305359,1.13,0.884955752212389
2017,6,28,142.223587,75.118576,102.944397,141.444717,42.021645,234.384598,1.1364,0.879971840901091
2017,6,29,141.133926,74.353836,101.836533,139.35936,42.429344,232.324631,1.142,0.875656742556918
2017,6,30,140.859192,74.3815,102.35675,139.689148,42.249203,232.757828,1.1411,0.876347384103058
2017,7,3,142.461624,75.643738,103.522408,139.184799,43.244755,233.152466,1.1367,0.879739597079265
2017,7,5,140.712692,74.49205,101.759453,139.75705,43.766228,233.691544,1.1336,0.882145377558222
2017,7,6,139.513168,73.819458,100.303665,138.437958,43.737782,231.55455,1.1409,0.876501007976159
2017,7,7,140.04425,73.911591,100.274559,139.84433,43.661919,233.056213,1.1396,0.877500877500878
2017,7,10,140.483749,73.856316,100.536598,140.697891,43.605045,233.306473,1.1396,0.877500877500878
2017,7,11,140.273163,74.261719,100.779228,141.153748,43.121483,233.133224,1.143,0.874890638670166
2017,7,12,140.740158,74.593407,101.303322,141.357452,42.628456,234.885178,1.1411,0.876347384103058
2017,7,13,140.676086,74.602608,101.215965,143.32637,43.159416,235.279816,1.1385,0.878348704435661
2017,7,14,141.234634,74.888229,101.992386,144.558197,42.85601,236.377182,1.1452,0.873209919664687
2017,7,17,140.108337,74.501266,101.701225,145.062561,42.979275,236.348328,1.147,0.871839581517001
2017,7,18,141.014862,74.261719,102.632927,145.566925,42.799118,236.473465,1.1578,0.863707030575229
2017,7,19,135.090393,74.49205,103.671387,146.478683,44.20237,237.753723,1.1518,0.868206285813509
2017,7,20,135.209457,74.501266,104.19548,145.819077,44.098072,237.859619,1.1634,0.85954959601169
2017,7,21,134.678345,73.819458,103.933426,145.751236,44.173923,237.647842,1.1655,0.858000858000858
2017,7,24,133.680283,73.589119,103.846092,147.516495,44.287704,237.590103,1.1642,0.858958941762584
2017,7,25,133.863419,73.957657,103.28318,148.146942,45.141033,238.167633,1.1656,0.857927247769389
2017,7,26,133.103394,74.049789,103.787857,148.845306,44.761772,238.177261,1.1632,0.859697386519945
2017,7,27,132.83786,74.473618,106.757668,146.032501,44.885689,237.955872,1.1656,0.857927247769389
2017,7,28,132.123596,73.34034,106.718842,145.004379,44.475822,237.676727,1.1754,0.850774204526119
2017,7,31,132.471558,73.74575,106.68972,144.257507,44.704582,237.541946,1.1826,0.845594452900389
2017,8,1,133.048462,73.865524,107.349686,145.537842,45.000069,238.071411,1.1799,0.847529451648445
2017,8,2,132.270111,74.261719,105.466866,152.414627,45.114456,238.18689,1.1861,0.843099232779698
2017,8,3,132.718796,74.160355,105.903603,150.89183,45.047726,237.724869,1.188,0.841750841750842
2017,8,4,132.920258,73.902374,104.515755,151.68718,45.829346,238.15802,1.1754,0.850774204526119
2017,8,7,131.372742,73.856316,103.21524,154.034393,46.048576,238.600784,1.1788,0.848320325755005
2017,8,8,131.502304,73.672035,103.826683,155.266205,45.686363,238.013611,1.1724,0.85295121119072
2017,8,9,131.187683,73.902374,99.799004,156.216736,45.419476,238.003998,1.1748,0.851208716377256
2017,8,10,131.252426,73.465141,98.362633,151.240952,44.132668,234.644501,1.1751,0.85099140498681
2017,8,11,131.252426,72.758118,98.983765,153.344223,43.5131,234.991074,1.1811,0.846668360003387
2017,8,14,131.696625,72.776718,98.411148,155.651978,44.332832,237.320526,1.1786,0.848464279653827
2017,8,15,131.465302,72.599968,98.517914,157.356033,44.25658,237.291687,1.1736,0.852079072937969
2017,8,16,131.86319,72.069702,99.187569,156.723083,43.856247,237.705582,1.1703,0.854481756814492
2017,8,17,130.19754,70.944054,98.391747,153.714249,42.979309,233.999557,1.1736,0.852079072937969
2017,8,18,129.272202,71.297562,97.731781,153.363708,43.26527,233.633774,1.1748,0.851208716377256
2017,8,21,129.855148,71.055679,98.187927,153.081329,42.588501,233.816666,1.1814,0.846453360419841
2017,8,22,130.48439,71.390602,99.740761,155.583832,43.43684,236.261703,1.1762,0.850195544975344
2017,8,23,131.530045,71.269646,98.508202,155.778564,43.656082,235.414597,1.1802,0.847314014573801
2017,8,24,132.270325,71.009171,98.527618,155.087204,43.846714,234.865921,1.1801,0.847385814761461
2017,8,25,133.01062,71.371986,99.391388,155.661713,43.789524,235.414597,1.1874,0.842176183257538
2017,8,28,131.872437,71.139412,99.536957,157.229446,43.351059,235.424225,1.1973,0.835212561596926
2017,8,29,132.455414,71.120796,99.546661,158.631622,43.227139,235.693756,1.2025,0.831600831600832
2017,8,30,131.918716,70.795197,99.83783,159.060074,43.522629,236.810349,1.1927,0.838433805651044
2017,8,31,132.353622,71.009171,98.217041,159.692978,43.370113,238.235031,1.1894,0.840760047082563
2017,9,1,133.325241,71.232437,98.508202,159.741684,44.027817,238.57193,1.1878,0.841892574507493
2017,9,5,132.362885,71.799919,98.605255,157.823425,42.78867,236.85849,1.1911,0.839560070523046
2017,9,6,133.084671,73.288391,98.508202,157.657867,42.960247,237.667053,1.1943,0.837310558486143
2017,9,7,132.233322,73.520958,94.199081,157.024948,42.007061,237.638229,1.2028,0.83139341536415
2017,9,8,131.816925,73.3256,94.208778,154.46402,41.949867,237.359055,1.2041,0.83049580599618
2017,9,11,134.047012,73.725624,94.228188,157.258652,43.046036,239.890701,1.1964,0.835840855901037
2017,9,12,134.879822,73.958199,95.004608,156.635468,43.608414,240.69928,1.1968,0.835561497326203
2017,9,13,135.092697,74.209373,95.907204,155.45723,44.056416,240.814804,1.1898,0.840477391158178
2017,9,14,134.67627,74.507065,95.01432,154.123199,44.247051,240.737793,1.1886,0.841325929665152
2017,9,15,134.01001,74.488457,95.616043,155.681183,44.418625,241.06189,1.1959,0.83619031691613
2017,9,18,133.760147,74.507065,95.20842,154.502975,45.104923,241.5746,1.1938,0.837661249790585
2017,9,19,133.612106,74.628006,95.528694,154.561386,45.438534,241.816437,1.198,0.834724540901502
2017,9,20,134.990891,74.935013,96.285698,151.971283,45.648243,241.903488,1.1998,0.833472245374229
2017,9,21,134.417191,74.321014,95.975128,149.361633,46.000923,241.255356,1.1946,0.837100284614097
2017,9,22,134.296875,74.348915,95.69368,147.901031,45.962795,241.303711,1.1969,0.835491686857716
2017,9,25,134.981613,75.33503,96.635094,146.596222,45.50526,240.810349,1.1852,0.843739453256834
2017,9,26,135.620132,75.251312,95.722794,149.118195,45.238365,240.955475,1.1772,0.849473326537547
2017,9,27,134.787323,75.753654,96.314819,150.179565,45.819813,241.893814,1.1747,0.851281178173151
2017,9,28,134.787323,76.460686,95.159897,149.254517,45.896072,242.184036,1.1776,0.849184782608696
2017,9,29,134.25061,76.265327,95.664566,150.072464,45.915131,243.035339,1.1813,0.846525014814188
2017,10,2,135.712677,75.939713,96.91655,149.770599,46.630024,244.089783,1.1745,0.851426138782461
2017,10,3,135.8237,76.060646,97.819138,150.422989,46.973171,244.612167,1.1759,0.850412450038269
2017,10,4,135.546112,76.088554,97.586205,149.449265,46.715813,244.90239,1.176,0.850340136054422
2017,10,5,135.768188,76.302528,97.159172,151.309082,47.306789,246.353455,1.1706,0.85426277122843
2017,10,6,135.546112,76.014137,97.120346,151.221481,47.430706,246.072891,1.1732,0.85236958745312
2017,10,9,136.388184,76.311829,96.635094,151.747284,47.068497,245.666611,1.1768,0.849762066621346
2017,10,10,137.415314,76.525795,96.644798,151.80571,47.173347,246.314743,1.1804,0.84717045069468
2017,10,11,136.600998,76.842094,95.645164,152.438675,46.877853,246.701721,1.1847,0.844095551616443
2017,10,12,136.055054,76.683952,94.072914,151.903107,46.315472,246.334091,1.184,0.844594594594595
2017,10,13,136.119812,76.665344,94.509636,152.867111,46.039047,246.634003,1.1837,0.844808650840585
2017,10,16,135.869965,77.03746,95.237534,155.681183,46.64909,246.962875,1.181,0.846740050804403
2017,10,17,135.601624,77.177002,95.460762,156.255707,46.820667,247.137039,1.1754,0.850774204526119
2017,10,18,147.621994,76.990944,95.354004,155.564346,47.802448,247.378891,1.1775,0.849256900212314
2017,10,19,148.889725,76.972336,96.091606,151.883606,47.459301,247.446594,1.1842,0.844451950684006
2017,10,20,149.972382,77.316559,96.470108,152.146515,48.307636,248.723526,1.177,0.849617672047579
2017,10,23,147.640518,77.437492,95.790733,152.068604,48.240917,247.756119,1.1762,0.850195544975344
2017,10,24,144.244446,77.651459,95.392822,152.974213,48.67939,248.191483,1.1766,0.849906510283869
2017,10,25,142.042084,77.372368,94.917267,152.302322,48.164658,246.962875,1.1802,0.847314014573801
2017,10,26,142.134644,77.651459,95.654869,153.276062,48.393425,247.282135,1.17,0.854700854700855
2017,10,27,142.208649,77.874718,95.412224,158.767929,48.765167,249.303955,1.158,0.863557858376511
2017,10,30,142.837906,77.716568,95.150192,162.341568,48.334126,248.37529,1.1626,0.860141063134354
2017,10,31,142.560287,77.539818,94.926971,164.600632,47.893509,248.762222,1.1648,0.858516483516483
2017,11,1,142.532547,78.023567,96.111008,162.507095,47.539097,249.09111,1.1618,0.860733344809778
2017,11,2,141.903305,77.70726,95.451057,163.695053,48.295818,249.187881,1.1672,0.856751199451679
2017,11,3,140.265411,77.381668,95.732506,167.969772,47.912666,250.019852,1.1616,0.860881542699725
2017,11,6,139.580643,77.911934,97.673561,169.673798,48.027611,250.406799,1.16,0.862068965517241
2017,11,7,140.052567,77.753792,98.614967,170.219101,47.309204,250.232666,1.1577,0.863781636002419
2017,11,8,140.256149,77.651459,98.197639,171.611557,46.973949,250.658264,1.1591,0.862738331464067
2017,11,9,140.471115,78.1166,99.653427,171.260986,46.763226,249.748978,1.1648,0.858516483516483
2017,11,10,139.40567,77.872482,101.691528,170.694199,46.705746,249.671555,1.1652,0.858221764503948
2017,11,13,138.695358,77.825539,101.652702,170.010132,46.58123,249.903748,1.1656,0.857927247769389
2017,11,14,139.153351,77.21524,100.128983,167.439987,46.341763,249.323318,1.1764,0.850051003060184
2017,11,15,137.480392,76.248192,100.633652,165.23143,46.073551,248.075409,1.1794,0.847888756995082
2017,11,16,139.368271,75.637901,100.54631,167.205475,46.552486,250.18428,1.1772,0.849473326537547
2017,11,17,139.228088,75.337448,100.391022,166.277084,46.648277,249.449066,1.1799,0.847529451648445
2017,11,20,140.667374,75.628517,99.721359,166.110947,47.041008,249.87471,1.1741,0.851716208159441
2017,11,21,142.013199,75.928955,99.963989,169.19902,47.299629,251.509583,1.1741,0.851716208159441
2017,11,22,141.844971,76.144905,99.711655,170.977585,47.021851,251.28714,1.1789,0.848248367121893
2017,11,24,141.910385,76.445358,99.614594,170.987366,46.993111,251.867538,1.1936,0.837801608579088
2017,11,27,142.041245,76.154289,99.760178,170.12738,46.935635,251.74176,1.1911,0.839560070523046
2017,11,28,142.499207,76.680069,100.361908,169.13063,48.276657,254.29567,1.1878,0.841892574507493
2017,11,29,143.508575,77.243416,102.137962,165.62233,49.15789,254.140854,1.1858,0.84331253162422
2017,11,30,143.901108,78.201096,101.730347,167.938385,49.435677,256.365875,1.1898,0.840477391158178
2017,12,1,144.63945,78.36071,102.147675,167.156601,49.761353,255.833832,1.191,0.839630562552477
2017,12,4,146.228302,78.463989,106.971176,165.935043,50.460602,255.524216,1.1848,0.844024307900067
2017,12,5,145.190887,77.825539,104.059601,165.778687,49.818829,254.605225,1.182,0.846023688663283
2017,12,6,144.022614,77.2528,102.351479,165.163025,49.512306,254.653595,1.1788,0.848320325755005
2017,12,7,143.527283,77.506317,102.157372,165.465988,50.144497,255.456543,1.179,0.848176420695505
2017,12,8,144.686172,77.609596,101.971497,165.514832,50.661751,256.849548,1.1761,0.850267834367826
2017,12,11,145.246933,77.956985,104.515152,168.739731,50.54681,257.623474,1.1802,0.847314014573801
2017,12,12,146.489975,77.703484,105.10215,167.791794,51.581306,258.078094,1.1725,0.852878464818763
2017,12,13,143.845032,78.041489,105.278252,168.348831,50.939533,258.049133,1.1762,0.850195544975344
2017,12,14,143.929153,77.834938,108.17411,168.299973,50.422283,256.994629,1.1778,0.849040584139922
2017,12,15,142.527237,77.956985,108.85894,170.010132,50.862904,259.134796,1.1778,0.849040584139922
2017,12,18,143.302963,77.872482,108.624146,172.404373,50.997013,260.777985,1.1804,0.84717045069468
2017,12,19,143.209518,77.40303,109.387245,170.567154,50.700073,259.77652,1.1822,0.845880561664693
2017,12,20,142.947815,77.806755,107.313179,170.381485,50.297764,259.64035,1.1881,0.84167999326656
2017,12,21,141.592651,78.726883,107.195786,171.026459,50.652176,260.17514,1.1872,0.842318059299191
2017,12,22,142.527237,78.839554,106.315285,171.026459,50.49892,260.107086,1.1839,0.844665934622857
2017,12,26,142.835663,78.848953,105.777199,166.687531,50.259445,259.795959,1.1867,0.842672958624758
2017,12,27,143.116058,78.773834,105.307602,166.716858,50.355236,259.922333,1.1902,0.840194925222652
2017,12,28,143.966537,78.886497,105.434784,167.185913,50.431862,260.457123,1.1952,0.836680053547523
2017,12,29,143.387085,78.529716,105.18042,165.378021,50.259445,259.475067,1.2022,0.831808351355848
2018,1,2,144.162811,79.834793,109.377464,168.33905,49.991249,261.332214,1.205,0.829875518672199
2018,1,3,148.125549,81.402748,109.847054,168.309738,50.125351,262.985138,1.203,0.831255195344971
2018,1,4,151.125626,81.515427,109.798149,169.091522,50.891647,264.093597,1.2064,0.828912466843501
2018,1,5,151.863968,81.449699,109.201363,171.016678,50.872486,265.853516,1.2039,0.830633773569233
2018,1,8,152.779877,81.815865,107.636032,170.381485,50.661751,266.339691,1.1973,0.835212561596926
2018,1,9,153.116333,81.468468,107.557762,170.361954,51.054474,266.942566,1.1922,0.838785438684785
2018,1,10,153.443436,80.820633,107.097946,170.322845,51.657936,266.534149,1.1958,0.836260244187991
2018,1,11,153.462143,81.618698,108.585007,171.290329,51.916565,268.47879,1.2035,0.830909846281678
2018,1,12,152.471436,82.172661,110.032944,173.059113,52.797802,270.229004,1.213,0.824402308326463
2018,1,16,153.135025,81.656258,108.291512,172.179611,52.299709,269.305298,1.2244,0.81672655994773
2018,1,17,157.621109,82.623329,109.543777,175.023361,53.018112,271.872192,1.2229,0.817728350641917
2018,1,18,158.060364,82.08815,108.027367,175.179718,53.487461,271.415253,1.2238,0.81712698153293
2018,1,19,151.751785,81.825256,108.193672,174.397949,55.039227,272.650085,1.2238,0.81712698153293
2018,1,22,151.966766,82.858055,108.692627,172.971176,54.943432,274.866974,1.223,0.817661488143908
2018,1,23,155.378067,82.904999,108.017586,173.010254,54.51239,275.450409,1.2277,0.814531237272949
2018,1,24,154.555603,83.120934,108.105621,170.25444,54.828487,275.343445,1.239,0.807102502017756
2018,1,25,154.649063,82.970726,108.154549,167.21521,54.416603,275.460052,1.2488,0.800768737988469
2018,1,26,156.39679,83.562225,109.75901,167.60614,55.173317,278.649353,1.2422,0.805023345677025
2018,1,29,155.89209,82.632713,109.123093,164.136932,55.02964,276.80188,1.2352,0.809585492227979
2018,1,30,152.920059,81.477867,107.724075,163.169464,54.452404,273.962738,1.239,0.807102502017756
2018,1,31,152.994812,81.966095,106.315285,163.618988,54.404305,274.098877,1.2428,0.804634695848085
2018,2,1,151.779831,83.627953,108.095848,163.961014,55.270153,273.78772,1.2482,0.801153661272232
2018,2,2,148.630203,79.365341,106.344635,156.846741,53.374897,267.827393,1.2446,0.803470994697091
2018,2,5,142.555283,74.849213,102.431305,152.928009,50.556076,256.626129,1.2418,0.805282654211628
2018,2,6,145.181519,73.56292,103.869453,159.319138,52.268539,261.682251,1.2381,0.80768920119538
2018,2,7,143.788971,72.239082,102.490013,155.908569,52.480194,260.262634,1.2281,0.814265939255761
2018,2,8,139.296432,71.422234,99.1539,151.618515,49.824917,250.500504,1.2238,0.81712698153293
2018,2,9,141.108566,71.87751,100.856186,153.473022,50.161636,254.263397,1.2226,0.817929003762473
2018,2,12,142.892334,72.484558,101.149689,159.654739,51.402687,257.997101,1.2267,0.815195239259803
2018,2,13,142.278885,72.370728,101.863876,161.254105,51.364204,258.638885,1.2363,0.808865162177465
2018,2,14,146.063538,72.522491,102.333473,164.227203,52.96122,262.129517,1.2396,0.806711842529848
2018,2,15,147.243317,72.28537,102.900902,169.741684,53.297943,265.474304,1.2482,0.801153661272232
2018,2,16,147.403748,72.598381,104.221649,169.1922,53.047806,265.552063,1.2442,0.803729303970423
2018,2,20,146.441055,71.84906,103.683571,168.623093,52.97084,263.889374,1.2348,0.809847748623259
2018,2,21,145.308517,71.03334,102.773727,167.857742,53.009319,262.576752,1.2314,0.812083807048887
2018,2,22,144.572311,71.9534,102.959602,169.260895,52.778431,262.917084,1.2326,0.811293201362973
2018,2,23,146.780838,73.537399,104.926048,172.204559,53.94252,267.107819,1.2298,0.813140348024069
2018,2,26,149.6689,74.779922,107.430573,175.609406,54.846851,270.209564,1.2296,0.81327260897853
2018,2,27,147.75296,73.508934,102.597618,175.040298,54.567856,266.835571,1.2239,0.817060217338018
2018,2,28,147.07341,71.839569,100.924683,174.77536,53.894413,264.132507,1.2211,0.818933748259766
2018,3,1,145.166901,71.327377,100.347458,171.713928,52.42247,260.29184,1.2216,0.818598559266536
2018,3,2,145.808731,71.659363,100.758354,172.90123,52.662987,261.633636,1.2314,0.812083807048887
2018,3,5,148.130463,72.342278,101.169258,173.499771,53.384525,264.657562,1.233,0.8110300081103
2018,3,6,146.969589,72.256912,102.666107,173.3526,54.413925,265.328491,1.2415,0.805477245267821
2018,3,7,149.423523,70.435783,101.34536,171.743393,54.721786,265.231262,1.2397,0.806646769379689
2018,3,8,147.432068,70.303001,101.775818,173.617508,54.798748,266.51474,1.2314,0.812083807048887
2018,3,9,150.357864,70.720337,102.460663,176.600418,56.443859,271.15271,1.2326,0.811293201362973
2018,3,12,151.254471,71.365318,102.891113,178.307755,56.674759,270.812408,1.2318,0.811820100665692
2018,3,13,150.367294,70.691879,101.48233,176.590637,55.828148,269.062225,1.2398,0.806581706726891
2018,3,14,149.234741,69.809776,101.648643,175.08934,54.827618,267.681488,1.2362,0.808930593755056
2018,3,15,150.640991,70.587547,101.002945,175.295395,55.048882,267.389771,1.2321,0.811622433244055
2018,3,16,151.254471,71.251495,100.640968,174.677246,55.327877,267.679779,1.228,0.814332247557003
2018,3,19,148.507996,70.331451,99.281082,172.008316,54.789127,264.057922,1.2329,0.811095790412848
2018,3,20,147.422607,70.179703,99.1539,171.949448,55.289398,264.50705,1.2271,0.814929508597506
2018,3,21,147.885086,71.175621,99.613708,168.053986,54.943058,263.99942,1.2268,0.815128790348875
2018,3,22,143.543564,69.714928,98.420151,165.679413,52.566776,257.400146,1.231,0.812347684809098
2018,3,23,140.523407,69.136337,96.404785,161.842865,50.094292,251.913773,1.236,0.809061488673139
2018,3,26,144.751648,70.189178,98.469063,169.525833,52.239674,258.805908,1.244,0.803858520900322
2018,3,27,143.373688,69.904625,97.207016,165.179001,51.133312,254.403152,1.241,0.8058017727639
2018,3,28,143.949417,69.060455,96.404785,163.353928,50.902416,253.651413,1.2351,0.809651040401587
2018,3,29,144.808273,70.767761,98.263618,164.629501,51.912571,256.892487,1.2297,0.813206473123526
2018,4,2,141.637085,69.449348,96.522194,163.550171,50.719631,251.347565,1.2288,0.813802083333333
2018,4,3,141.429459,71.156647,97.265717,165.228073,51.152554,254.569122,1.2261,0.815594160345812
2018,4,4,145.459503,71.014381,98.762566,168.387604,51.633575,257.292725,1.2292,0.813537260006508
2018,4,5,145.374557,72.105148,99.89743,169.555252,52.778431,259.323303,1.223,0.817661488143908
2018,4,6,142.109009,71.014381,98.175568,165.218262,51.027489,253.544052,1.2274,0.814730324262669
2018,4,9,144.109863,71.014381,97.53965,166.856888,51.325722,254.79364,1.232,0.811688311688312
2018,4,10,146.658142,73.101082,99.17347,169.996826,52.085743,258.84494,1.2338,0.810504133571081
2018,4,11,146.629822,73.442543,98.615822,169.202011,50.738873,257.488007,1.2384,0.80749354005168
2018,4,12,149.187546,73.243355,98.214691,170.870102,51.806747,259.606415,1.232,0.811688311688312
2018,4,13,147.903976,73.831429,98.175568,171.44902,50.969765,258.84494,1.2322,0.811556565492615
2018,4,16,149.017654,74.495377,98.067947,172.51857,51.373829,260.973083,1.2373,0.808211428109593
2018,4,17,151.867966,74.296196,99.956123,174.893112,51.219902,263.765106,1.2345,0.810044552450385
2018,4,18,140.429016,75.140358,99.01693,174.50061,51.239136,263.960358,1.238,0.807754442649435
2018,4,19,139.400269,75.330055,98.703865,169.555252,52.6245,262.496033,1.2336,0.810635538261997
2018,4,20,136.757599,74.931694,98.067947,162.608185,52.393604,260.270203,1.2282,0.814199641752158
2018,4,23,137.663666,75.472336,97.979904,162.137238,51.604717,260.231171,1.2216,0.818598559266536
2018,4,24,137.380524,74.315155,97.304855,159.880402,51.056347,256.726563,1.2226,0.817929003762473
2018,4,25,137.739182,75.405937,98.958229,160.577057,50.06543,257.361084,1.2178,0.821152898669732
2018,4,26,138.475311,76.6959,97.676613,161.136368,50.219364,259.977386,1.2113,0.825559316436886
2018,4,27,138.24884,73.784004,97.079834,159.272049,50.132359,260.221405,1.2108,0.825900231252065
2018,4,30,136.81424,73.746056,98.155998,162.15683,49.900349,258.220184,1.2074,0.828225940036442
2018,5,1,136.851974,72.987259,97.891846,165.924728,50.084023,258.679016,1.2,0.833333333333333
2018,5,2,134.445282,72.844994,97.46138,173.254471,49.977684,256.941345,1.1968,0.835561497326203
2018,5,3,134.011139,72.598381,96.620018,173.568466,49.378342,256.375092,1.197,0.835421888053467
2018,5,4,135.823212,72.939835,98.958229,180.378143,49.687679,259.694275,1.1946,0.837100284614097
2018,5,7,135.171997,73.736572,100.259415,181.683167,50.644699,260.572906,1.1927,0.838433805651044
2018,5,8,134.964386,74.06855,99.584358,182.556458,51.601723,260.572906,1.1863,0.842957093483942
2018,5,9,136.090424,75.813797,97.803795,183.841858,52.336399,263.091492,1.1852,0.843739453256834
2018,5,10,137.645905,77.51162,99.476753,186.471527,53.206421,265.551544,1.1896,0.840618695359785
2018,5,11,137.550476,77.875702,99.858299,185.762329,53.361088,266.361816,1.1951,0.836750062756255
2018,5,14,137.703171,78.402672,100.220284,185.328918,53.380424,266.48877,1.1976,0.83500334001336
2018,5,15,137.168777,78.364342,100.689865,183.644577,53.022747,264.653442,1.1864,0.842886041807148
2018,5,16,138.018082,78.584702,102.763939,185.358475,53.138756,265.766296,1.1788,0.848320325755005
2018,5,17,137.894028,78.450569,102.079109,184.18631,53.042088,265.54184,1.1798,0.847601288353958
2018,5,18,137.493225,77.894867,101.677994,183.51651,52.12373,264.877991,1.1775,0.849256900212314
2018,5,21,138.838776,78.833817,101.805168,184.816711,52.549072,266.869446,1.1768,0.849762066621346
2018,5,22,138.457047,78.220627,101.814957,184.35376,53.051754,266.127502,1.1783,0.848680302130188
2018,5,23,138.056259,78.709259,100.66053,185.535767,52.539402,266.859711,1.1693,0.855212520311297
2018,5,24,137.483688,76.907997,99.89743,185.328918,52.201065,266.313049,1.1729,0.852587603376247
2018,5,25,137.073334,75.413345,99.985474,185.752487,51.244049,265.678497,1.1666,0.857191839533688
2018,5,29,134.763977,75.13549,97.529869,185.082672,48.29565,262.622894,1.1551,0.865725911176522
2018,5,30,136.09996,78.086487,97.813583,184.688675,49.272015,266.127502,1.1664,0.857338820301783
2018,5,31,134.849854,77.837372,97.314636,184.068115,48.469658,264.497223,1.167,0.856898029134533
2018,6,1,135.460587,78.402672,97.207016,187.387604,49.504005,267.094025,1.1679,0.856237691583184
2018,6,4,136.500763,77.578682,98.067947,188.953751,49.83268,268.363098,1.1696,0.85499316005472
2018,6,5,137.130585,77.300827,97.774445,190.41156,49.088337,268.558319,1.1672,0.856751199451679
2018,6,6,138.094421,78.623032,99.701767,191.071487,50.180695,270.80365,1.1778,0.849040584139922
2018,6,7,138.714706,79.408684,100.249626,190.559311,50.40303,270.774384,1.1815,0.846381718154888
2018,6,8,139.459045,80.098526,101.726913,188.825699,50.180695,271.57489,1.1773,0.849401172173618
2018,6,11,139.878937,79.619469,102.08889,188.362747,50.055023,271.936066,1.1802,0.847314014573801
2018,6,12,140.155655,78.967957,102.069328,189.397003,49.610344,272.287506,1.1792,0.848032564450475
2018,6,13,139.659454,78.096069,104.006416,187.840683,49.881016,271.41864,1.1784,0.848608282416837
2018,6,14,138.562012,78.460152,106.393547,187.939194,49.600677,272.10202,1.1634,0.85954959601169
2018,6,15,138.743317,77.28167,106.491386,186.008575,49.455673,271.754913,1.1616,0.860881542699725
2018,6,18,137.874924,77.434967,104.740166,185.91008,49.078667,271.195984,1.1606,0.861623298293986
2018,6,19,137.321442,77.319992,103.800972,182.905807,48.256985,270.156494,1.1577,0.863781636002419
2018,6,20,136.109512,77.08046,104.828217,183.703659,48.227985,270.617401,1.1592,0.862663906142167
2018,6,21,134.792587,76.352295,103.59552,182.679245,48.131317,268.920929,1.16,0.862068965517241
2018,6,22,134.821228,77.971512,104.035759,182.147354,47.261295,269.411255,1.163,0.859845227858985
2018,6,25,132.445053,76.400192,102.186714,179.438583,46.333279,265.743805,1.1694,0.855139387720198
2018,6,26,132.721786,77.262505,102.000839,181.664673,46.197945,266.332153,1.1675,0.856531049250535
2018,6,27,131.194946,78.287689,101.707336,181.398743,45.617928,264.125763,1.1588,0.862961684501208
2018,6,28,133.637894,78.536797,102.499794,182.718643,46.68129,265.635925,1.1582,0.863408737696426
2018,6,29,133.313461,79.264969,102.538918,182.334488,45.820938,266.018372,1.1677,0.856384345294168
2018,7,2,133.466141,78.335602,103.047653,184.373459,46.130276,266.587097,1.1604,0.861771802826611
2018,7,3,133.189392,78.795494,101.785606,181.162354,45.453598,265.645721,1.1653,0.858148116364885
2018,7,5,134.964371,78.862556,103.057434,182.620163,45.144257,267.812836,1.1697,0.854920064973925
2018,7,6,135.96637,78.881729,103.33358,185.151627,45.521263,270.078064,1.1738,0.851933889930141
2018,7,9,137.789047,79.427849,104.556458,187.722488,46.797291,272.509949,1.1744,0.85149863760218
2018,7,10,138.094421,80.156021,104.566315,187.495941,46.497612,273.49054,1.1728,0.852660300136426
2018,7,11,138.313904,79.130829,106.548576,185.062973,46.159275,271.490143,1.1722,0.853096741170449
2018,7,12,139.754868,79.226654,106.755676,188.165741,46.42028,273.951447,1.1692,0.855285665412248
2018,7,13,139.230011,79.820679,108.481522,188.461243,46.478283,274.167175,1.1667,0.857118368046627
2018,7,16,138.810135,79.035011,108.678749,188.047531,47.270966,273.921997,1.171,0.85397096498719
2018,7,17,136.930176,78.862556,108.777382,188.579453,47.541637,275.030151,1.1664,0.857338820301783
2018,7,18,137.913101,78.776329,109.161995,187.545181,48.875668,275.608673,1.1645,0.8587376556462
2018,7,19,142.417328,78.575127,110.582115,189.003006,48.189316,274.569244,1.1604,0.861771802826611
2018,7,20,139.659454,77.990677,109.941093,188.569595,48.595325,274.255432,1.1708,0.854116843184148
2018,7,23,139.039154,77.990677,109.556465,188.73703,49.049667,274.76535,1.1702,0.854554776961203
2018,7,24,139.688065,79.533241,109.171852,190.106216,49.281677,276.14798,1.1684,0.855871276959945
2018,7,25,139.917084,80.088943,109.645226,191.898926,49.339676,278.501434,1.1677,0.856384345294168
2018,7,26,140.002991,80.711731,111.943062,191.29808,49.291348,277.844452,1.1654,0.858074480864939
2018,7,27,138.514297,78.488892,111.065353,188.116501,49.349342,275.9617,1.166,0.857632933104631
2018,7,30,138.838776,78.316429,111.075211,187.062546,49.495205,274.520233,1.1718,0.853387950162144
2018,7,31,138.304367,78.096069,111.992371,187.436829,49.164585,275.873383,1.1706,0.85426277122843
2018,8,1,136.939743,77.02298,111.410522,198.47876,48.795074,275.412537,1.1666,0.857191839533688
2018,8,2,136.424423,76.563087,111.19355,204.280457,48.435284,276.912933,1.1612,0.861178091629349
2018,8,3,140.947739,76.840935,112.515053,204.871445,48.532524,278.099396,1.1597,0.86229197206174
2018,8,6,139.354065,76.82177,114.339523,205.935257,48.610317,279.119232,1.1564,0.86475268073331
2018,8,7,140.289276,77.866119,114.950958,204.004639,48.746456,280.040985,1.1597,0.86229197206174
2018,8,8,140.174759,77.348747,112.406578,204.142532,48.736729,279.923309,1.1598,0.862217623728229
2018,8,9,139.644241,76.95591,112.584099,205.748108,48.075493,279.540894,1.1566,0.864603147155456
2018,8,10,139.364487,76.878464,111.124527,205.135254,47.054474,277.667938,1.1399,0.877269935959295
2018,8,13,137.657166,76.04599,110.572258,206.459793,46.043175,276.62851,1.1396,0.877500877500878
2018,8,14,138.284149,75.803993,111.19355,207.329651,46.539108,278.393585,1.1351,0.8809796493701
2018,8,15,138.814667,74.477837,111.292175,207.813995,46.140419,276.314697,1.1332,0.882456759618779
2018,8,16,140.194046,75.503906,110.927284,210.858459,46.966961,278.550507,1.1388,0.878117316473481
2018,8,17,140.888565,75.755592,110.927284,215.06929,47.035027,279.531097,1.141,0.876424189307625
2018,8,20,141.322617,76.287979,110.444038,212.973755,46.957237,280.129272,1.1438,0.874278720055954
2018,8,21,140.801743,76.30735,110.838524,212.558609,47.20034,280.786255,1.1534,0.867001907404196
2018,8,22,140.09761,77.401184,110.394737,212.568481,47.258678,280.619568,1.1595,0.86244070720138
2018,8,23,140.222977,76.549347,110.453903,213.003418,46.801651,280.246948,1.1567,0.864528399757932
2018,8,24,140.869263,77.072067,110.38488,213.66568,46.811375,281.933533,1.1625,0.860215053763441
2018,8,27,141.496246,77.82711,110.77935,215.42514,48.513077,284.159576,1.1676,0.856457690990065
2018,8,28,141.399796,77.710945,111.025902,217.164825,48.620041,284.296844,1.172,0.853242320819113
2018,8,29,142.316147,78.272392,110.89769,220.406982,48.571423,285.826569,1.1699,0.854773912300197
2018,8,30,140.763153,77.933586,110.375015,222.433319,47.939358,284.669434,1.1646,0.858663918942126
2018,8,31,141.293671,77.604462,110.473625,225.003342,47.482334,284.67926,1.1596,0.862366333218351
2018,9,4,140.521988,77.720627,109.319778,225.724899,47.365646,284.188934,1.1566,0.864603147155456
2018,9,5,141.467316,78.756386,108.353317,224.25209,47.375374,283.424072,1.162,0.860585197934596
2018,9,6,141.206879,77.885178,108.73793,220.525604,46.60717,282.570984,1.1624,0.860289057123193
2018,9,7,140.300156,79.211349,109.438126,218.746384,46.889168,282.02182,1.1572,0.864154856550294
2018,9,10,140.493073,79.095177,109.15213,215.810654,46.61689,282.512115,1.1604,0.861771802826611
2018,9,11,141.303329,80.208382,108.087036,221.266953,46.539108,283.443665,1.1591,0.862738331464067
2018,9,12,141.380508,80.469742,107.948967,218.519043,46.169586,283.512329,1.1626,0.860141063134354
2018,9,13,143.676224,79.685661,109.142265,223.797409,46.402969,285.189178,1.1672,0.856751199451679
2018,9,14,143.078171,80.266457,107.75174,221.25705,46.859993,285.23819,1.1656,0.857927247769389
2018,9,17,142.701996,80.740791,107.850349,215.365845,46.364071,283.728027,1.1687,0.855651578677163
2018,9,18,143.300049,80.953735,108.018005,215.72168,46.529377,285.267639,1.1693,0.855212520311297
2018,9,19,143.782333,81.921738,108.274414,215.850189,47.744877,285.571625,1.1685,0.855798031664527
2018,9,20,145.79834,82.105652,110.079155,217.491013,48.503353,287.885834,1.1744,0.85149863760218
2018,9,21,145.991272,82.444458,108.875999,215.148376,48.046322,287.622803,1.1739,0.851861316977596
2018,9,24,144.717987,83.828697,111.213272,218.242233,47.219788,286.667328,1.1773,0.849401172173618
2018,9,25,143.637665,83.731903,112.061401,219.626099,46.94751,286.401337,1.177,0.849617672047579
2018,9,26,146.24205,83.034943,113.619598,217.876511,46.383522,285.544403,1.1758,0.850484776322504
2018,9,27,146.135956,83.025261,114.438141,222.354248,46.451588,286.342255,1.167,0.856898029134533
2018,9,28,145.856232,82.299255,115.325714,223.135147,45.28471,286.371826,1.1622,0.86043710204784
2018,10,1,147.58284,83.06398,114.635376,224.637604,45.343052,287.36673,1.1567,0.864528399757932
2018,10,2,148.306274,83.693176,116.035774,226.634293,45.343052,287.199249,1.156,0.865051903114187
2018,10,3,147.795029,83.393097,115.296127,229.39209,45.809803,287.356873,1.1525,0.867678958785249
2018,10,4,145.952667,82.841347,114.526894,225.359177,45.965385,285.110962,1.1508,0.868960722975321
2018,10,5,143.753403,82.609016,113.195534,221.701859,45.459736,283.515167,1.1502,0.869414014953921
2018,10,8,143.136047,83.373741,114.418411,221.187866,45.72229,283.515167,1.1492,0.870170553428472
2018,10,9,142.026779,83.741577,115.276405,224.25209,44.886021,283.10144,1.1482,0.870928409684724
2018,10,10,137.637863,81.815254,111.30204,213.863373,43.388519,274.137573,1.1541,0.866476041937441
2018,10,11,134.097809,78.988708,109.615646,211.975418,42.289715,268.099274,1.1565,0.864677907479464
2018,10,12,135.863022,78.775742,111.055489,219.547028,42.231365,271.822754,1.1559,0.865126741067566
2018,10,15,136.133118,78.233665,111.874031,214.851822,42.270264,270.295898,1.1594,0.862515094014145
2018,10,16,139.981827,78.601494,114.586067,219.586548,44.672092,276.206146,1.1593,0.862589493659967
2018,10,17,129.303787,78.891914,115.513092,218.63765,45.887589,276.255432,1.154,0.866551126516464
2018,10,18,125.927704,79.230698,114.576202,213.527298,44.759605,272.265991,1.1494,0.870019140421089
2018,10,19,124.529053,79.346863,117.258659,216.779327,45.138847,272.118256,1.1513,0.868583340571528
2018,10,22,125.416473,78.553108,116.637352,218.103851,43.865002,270.896759,1.1467,0.872067672451382
2018,10,23,126.564346,77.285027,116.223152,220.159851,43.291286,269.5177,1.148,0.871080139372822
2018,10,24,122.705963,75.136078,110.06929,212.608017,42.289715,261.351746,1.1389,0.878040214241812
2018,10,25,121.97287,75.803993,112.584099,217.263672,43.320457,266.040497,1.1374,0.879198171267804
2018,10,26,120.371643,75.04895,111.62748,213.804077,42.756466,261.361542,1.1388,0.878117316473481
2018,10,29,115.403992,74.584312,111.479553,209.790924,42.737019,259.913544,1.139,0.877963125548727
2018,10,30,111.31411,76.258942,113.175812,210.838684,43.569237,263.765076,1.1364,0.879971840901091
2018,10,31,111.343048,77.130142,113.244843,216.334518,44.704975,266.582306,1.1332,0.882456759618779
2018,11,1,112.693481,78.088463,114.497307,219.655762,44.930164,269.41922,1.1396,0.877500877500878
2018,11,2,111.574547,79.327499,113.590012,205.085831,44.988907,267.823456,1.1378,0.878889084197574
2018,11,5,115.809113,79.027428,113.856277,199.263809,44.861629,269.301056,1.1394,0.877654906090925
2018,11,6,118.76078,79.366219,115.098892,201.418655,44.763721,271.005127,1.1412,0.87627059235892
2018,11,7,120.419868,80.372948,115.434196,207.527328,45.635105,276.807037,1.1459,0.872676498821887
2018,11,8,120.527328,79.095177,114.398697,206.803253,45.45887,276.304688,1.1416,0.875963559915908
2018,11,9,120.68364,79.07563,116.371078,202.815765,44.773506,273.605652,1.1325,0.883002207505519
2018,11,12,118.104675,78.058708,115.089027,192.599106,43.206978,268.493286,1.13065,0.884446999513554
2018,11,13,118.046051,76.26931,115.236954,190.674789,43.745472,267.990906,1.1288,0.885896527285613
2018,11,14,117.42086,75.672844,115.503235,185.288742,42.932831,266.158722,1.1312,0.884016973125884
2018,11,15,118.632195,76.455093,115.49337,189.861435,43.373421,268.936523,1.1324,0.883080183680678
2018,11,16,118.759178,77.208008,114.586067,191.964279,43.206978,269.635925,1.1402,0.877039115944571
2018,11,19,117.528313,77.462242,113.826691,184.356339,43.481117,265.075195,1.1448,0.873515024458421
2018,11,20,114.490219,75.262161,110.325706,175.548157,42.198521,260.169647,1.1391,0.877886050390659
2018,11,21,115.828545,75.839073,111.469688,175.349792,42.815342,261.056183,1.1393,0.877731940665321
2018,11,23,114.480453,73.815002,110.532806,170.896118,42.17894,259.312683,1.1332,0.882456759618779
2018,11,26,116.795654,75.27195,110.996323,173.20726,43.353836,263.499084,1.1336,0.882145377558222
2018,11,27,117.254784,75.340393,112.327682,172.830338,43.128651,264.385651,1.1281,0.886446237035724
2018,11,28,120.15612,76.70932,114.497307,179.476135,44.362297,270.473206,1.1286,0.886053517632465
2018,11,29,118.671265,77.305786,115.000267,178.097382,43.579025,269.882172,1.1382,0.878580214373572
2018,11,30,121.396751,77.736031,113.895729,177.135223,43.461533,271.527222,1.1323,0.883158173628897
2018,12,3,122.412712,79.41787,114.142273,183.324753,44.460201,275.122589,1.1356,0.880591757661148
2018,12,4,118.788483,77.667587,111.311905,175.260513,42.218098,266.207977,1.1345,0.881445570736007
2018,12,6,121.045082,76.65065,112.751747,173.306473,41.718769,265.804108,1.1374,0.879198171267804
2018,12,7,116.580742,75.917297,111.290802,167.126862,40.45575,259.627899,1.139,0.877963125548727
2018,12,10,118.329353,74.841705,111.171532,168.22789,39.858509,260.120422,1.1368,0.879662209711471
2018,12,11,118.094902,74.9786,111.280861,167.265732,39.77039,260.179504,1.1314,0.88386070355312
2018,12,12,118.358665,74.333237,111.519379,167.731934,39.956417,261.489624,1.1362,0.880126738250308
2018,12,13,117.938614,75.27195,112.692116,169.566956,39.750805,261.40094,1.1358,0.880436696601514
2018,12,14,117.127792,73.903008,111.509438,164.14122,38.81089,256.574249,1.13,0.884955752212389
2018,12,17,113.415657,72.397179,109.939171,162.613678,38.771721,251.54068,1.1339,0.881911985183879
2018,12,18,113.952942,70.402443,108.77636,164.72644,39.055656,251.264862,1.1364,0.879971840901091
2018,12,19,113.738029,69.209511,108.547783,159.588348,38.478001,247.501999,1.1422,0.875503414463316
2018,12,20,110.40686,67.107216,106.341446,155.561188,38.096157,243.473175,1.1432,0.874737578726382
2018,12,21,108.374962,66.608536,103.57856,149.510544,36.891888,238.484512,1.1402,0.877039115944571
2018,12,24,105.08287,64.056442,99.732376,145.64209,36.235897,232.18306,1.1405,0.876808417360807
2018,12,26,108.814552,67.116997,105.17865,155.898438,38.478001,243.914063,1.1408,0.876577840112202
2018,12,27,111.149292,67.410339,105.864395,154.886688,38.830467,245.786697,1.1412,0.87627059235892
2018,12,28,110.416634,66.657417,106.639603,154.966034,38.546539,245.469635,1.1445,0.873743993010048
2018,12,31,111.04184,66.676979,108.975136,156.463837,38.820683,247.619644,1.1456,0.872905027932961
2019,1,2,112.546227,68.143692,108.299324,156.642365,39.554993,247.877258,1.1357,0.880514220304658
2019,1,3,110.299408,67.097435,105.675568,141.039642,38.850052,241.962219,1.1399,0.877269935959295
2019,1,4,114.607445,69.571297,108.935379,147.060516,40.436169,250.066925,1.141,0.876424189307625
2019,1,7,115.418259,69.93309,109.879532,146.733185,40.837593,252.03862,1.1468,0.871991628880363
2019,1,8,117.05941,70.441551,110.734238,149.53038,40.583031,254.406601,1.1444,0.873820342537574
2019,1,9,117.899529,70.813118,111.976547,152.069672,40.866966,255.595551,1.1524,0.867754251995835
2019,1,10,118.974091,70.451332,112.105751,152.55571,40.788635,256.497192,1.1517,0.868281670573934
2019,1,11,118.651726,70.128654,111.956673,151.057922,40.866966,256.596252,1.1479,0.871156024043906
2019,1,14,117.606468,70.040642,111.728088,148.786438,41.591484,255.030792,1.14355,0.87446985265183
2019,1,15,118.915489,70.079765,111.072151,151.831619,41.983124,257.953644,1.1392,0.877808988764045
2019,1,16,118.808029,70.05043,110.227386,153.686493,43.559448,258.577881,1.1408,0.876577840112202
2019,1,17,119.364853,70.529556,110.326767,154.599045,41.640442,260.539612,1.1386,0.878271561566836
2019,1,18,120.957161,71.370468,110.356583,155.551285,42.776176,264.007385,1.1362,0.880126738250308
2019,1,22,119.68721,70.294876,109.919289,152.059753,41.522949,260.440552,1.1359,0.880359186548112
2019,1,23,129.817444,69.717972,110.436089,152.674728,41.268391,260.985504,1.139,0.877963125548727
2019,1,24,129.465775,69.81575,109.869598,151.464615,41.170479,261.124207,1.1322,0.883236177353824
2019,1,25,130.872482,70.128654,110.406265,156.483673,42.081028,263.333679,1.1407,0.876654685719295
2019,1,28,131.165558,69.659302,110.127991,155.035492,41.757935,261.332275,1.1438,0.874278720055954
2019,1,29,131.224152,69.923317,110.217445,153.428589,41.60128,260.985504,1.1424,0.875350140056022
2019,1,30,131.272995,70.686012,109.452179,163.913071,42.192905,265.117096,1.1418,0.875810124365038
2019,1,31,131.312073,71.654037,110.833626,165.093445,41.70974,267.445465,1.1454,0.873057447180024
2019,2,1,130.999481,74.235458,110.614983,165.172806,41.236439,267.57428,1.1474,0.871535645807914
2019,2,4,132.06427,73.159866,111.111908,169.864532,41.867512,269.456787,1.1438,0.874278720055954
2019,2,5,132.415955,73.912781,111.966614,172.770813,41.857651,270.586304,1.1406,0.876731544800982
2019,2,6,133.168152,73.590111,110.724304,172.830338,41.788628,270.229614,1.138,0.878734622144113
2019,2,7,131.626465,73.02298,110.267128,169.557037,40.901184,267.653564,1.1357,0.880514220304658
2019,2,8,132.140366,73.141617,110.823692,169.756271,40.240536,267.980499,1.1326,0.88292424509977
2019,2,11,132.417084,73.260254,108.766434,168.780029,39.648907,268.12912,1.1277,0.886760663296976
2019,2,12,134.452896,74.545525,108.527901,170.234436,40.57579,271.577118,1.1316,0.883704489218805
2019,2,13,135.90564,75.385895,109.521744,169.527145,40.615231,272.458893,1.1288,0.885896527285613
2019,2,14,134.877838,75.405663,109.97892,170.144775,40.151791,271.854523,1.1284,0.886210563629918
2019,2,15,136.409653,76.829346,111.897034,169.766235,41.404068,274.817017,1.1268,0.887468938587149
2019,2,19,137.071777,77.343452,112.811378,170.274261,41.571693,275.292603,1.1328,0.882768361581921
2019,2,20,136.380005,77.640053,112.980331,171.370056,41.828068,275.847412,1.1333,0.882378893496868
2019,2,21,136.221878,76.938103,113.586578,170.403778,41.374485,274.866547,1.1338,0.881989768918681
2019,2,22,137.615326,77.531296,114.540672,172.306458,41.20686,276.570709,1.1342,0.881678716275789
2019,2,25,137.822861,77.61039,112.890884,173.561615,41.601276,276.947205,1.1345,0.881445570736007
2019,2,26,138.079803,77.768585,112.801437,173.66124,41.818207,276.749054,1.1374,0.879198171267804
2019,2,27,137.53627,78.569405,112.085869,174.199158,41.966118,276.630188,1.137,0.879507475813544
2019,2,28,136.508484,78.134384,112.1455,172.485748,41.394207,276.114929,1.1379,0.878811846383689
2019,3,1,137.565903,79.093391,113.308304,174.298782,41.906948,277.838928,1.1376,0.879043600562588
2019,3,4,136.804947,79.399879,113.626335,175.175415,41.413929,276.828308,1.1328,0.882768361581921
2019,3,5,136.261414,79.281242,113.298363,174.856628,41.315327,276.451813,1.13,0.884955752212389
2019,3,6,135.371964,78.381554,114.143127,173.85051,41.03923,274.777344,1.132,0.88339222614841
2019,3,7,133.770996,79.251587,113.308304,171.838257,40.595509,272.478729,1.1214,0.891742464776173
2019,3,8,133.50415,78.114616,113.109528,172.246689,40.78286,271.933777,1.1243,0.88944231966557
2019,3,11,136.093414,78.875885,114.043747,178.213699,41.266022,275.877167,1.1226,0.89078923926599
2019,3,12,136.656708,79.093391,114.023872,180.215988,41.443508,276.91748,1.1276,0.886839304717985
2019,3,13,136.933426,79.795349,113.387802,181.012924,41.818207,278.750458,1.131,0.884173297966401
2019,3,14,137.160721,79.528412,113.775414,183.025162,42.094299,278.572113,1.1304,0.884642604387827
2019,3,15,137.793198,79.241699,114.252457,185.406006,42.725372,279.948425,1.1326,0.88292424509977
2019,3,18,138.564056,80.161156,112.423782,187.298721,43.4156,280.96347,1.1337,0.882067566375584
2019,3,19,138.840775,79.953537,109.322983,185.814423,43.33672,281.033142,1.1346,0.881367882954345
2019,3,20,137.961227,80.398438,109.313042,187.438187,42.429554,280.187256,1.1352,0.880902043692741
2019,3,21,139.779617,80.863113,107.991234,194.341583,42.52816,283.351868,1.1361,0.880204207376111
2019,3,22,137.812973,79.567955,107.563881,190.317093,41.137836,277.898407,1.1282,0.886367665307569
2019,3,25,137.546143,79.014297,107.126587,188.015961,40.674393,277.689423,1.1324,0.883080183680678
2019,3,26,138.573944,80.042511,109.46212,186.073425,41.295605,279.759338,1.128,0.886524822695036
2019,3,27,137.605453,79.429535,109.601257,187.746994,40.792721,278.296448,1.125,0.888888888888889
2019,3,28,138.277466,79.825005,110.02861,187.996033,41.344906,279.351318,1.1236,0.88999644001424
2019,3,29,139.443619,79.884331,110.346642,189.221313,41.611137,281.112762,1.1228,0.89063056644104
2019,4,1,141.617783,80.803795,111.817535,190.506363,42.922577,284.446533,1.121,0.892060660124888
2019,4,2,141.321304,80.457756,111.27092,193.275696,43.090206,284.585876,1.1186,0.893974611121044
2019,4,3,141.943909,79.9832,111.827469,194.600601,43.760719,285.033691,1.1242,0.889521437466643
2019,4,4,141.103882,81.120163,114.043747,194.939301,44.303043,285.790009,1.1216,0.891583452211127
2019,4,5,141.598022,81.555176,114.292206,196.244263,44.273464,287.173279,1.1217,0.891503967192654
2019,4,8,141.706726,82.059395,114.252457,199.332382,44.352345,287.392212,1.1262,0.887941751021133
2019,4,9,140.441757,81.001526,116.140762,198.73468,43.642391,285.919373,1.1278,0.886682035821954
2019,4,10,141.34108,80.635712,116.438919,199.850372,43.829742,286.894653,1.1266,0.887626486774365
2019,4,11,142.092148,81.021294,115.882362,198.186783,44.174858,286.815002,1.1262,0.887941751021133
2019,4,12,142.655457,80.002968,129.259521,198.107086,46.038483,288.755585,1.1304,0.884642604387827
2019,4,15,142.210739,79.736031,131.227325,198.465714,45.436996,288.566498,1.1304,0.884642604387827
2019,4,16,143.436188,80.279793,129.100494,198.485641,46.363876,288.755585,1.1293,0.885504294695829
2019,4,17,137.476974,80.507187,130.939117,202.350754,47.586575,288.049042,1.1297,0.88519075860848
2019,4,18,138.682648,80.210587,131.634811,203.077957,46.886482,288.616241,1.1241,0.889600569344364
2019,4,22,137.259552,81.960533,130.869537,203.745377,46.630112,288.865051,1.1258,0.8882572392965
2019,4,23,138.791351,82.435089,132.539215,206.684052,46.689274,291.462433,1.1213,0.891821992330331
2019,4,24,138.307098,80.83345,134.268509,206.365295,46.718857,290.815582,1.1192,0.89349535382416
2019,4,25,137.002609,81.288239,136.395325,204.492508,46.630112,290.636414,1.114,0.897666068222621
2019,4,26,137.803101,79.577843,139.058838,203.516266,47.221741,291.989868,1.1154,0.89653935807782
2019,4,29,137.417679,79.063736,138.442657,203.825073,48.085003,292.447632,1.1166,0.895575855274942
2019,4,30,138.623352,79.370216,136.126984,199.900192,47.876629,292.596893,1.1201,0.892777430586555
2019,5,1,138.909943,77.778465,135.540619,209.712402,47.201893,290.397583,1.1246,0.889205050684688
2019,5,2,137.951324,76.414108,133.314407,208.347656,47.440037,289.77063,1.1184,0.894134477825465
2019,5,3,138.603592,76.592064,133.503235,210.937683,47.688103,292.606842,1.1186,0.893974611121044
2019,5,6,138.732071,76.255913,134.169113,207.680222,47.340809,291.40271,1.1197,0.893096365097794
2019,5,7,136.024231,75.850563,132.618713,202.081787,46.348545,286.536377,1.1178,0.89461442118447
2019,5,8,136.380005,75.9692,134.15918,202.121628,46.169937,286.138306,1.1206,0.892379082634303
2019,5,9,135.339996,75.899994,132.767792,199.949997,46.090561,285.272522,1.1228,0.89063056644104
2019,5,10,135.320007,76.559998,133.215012,197.179993,45.981411,286.705566,1.1241,0.889600569344364
2019,5,13,131.419998,75.709999,130.531631,185.720001,43.838123,279.50058,1.1232,0.89031339031339
2019,5,14,133.309998,75.809998,132.380188,188.660004,43.669437,282.02829,1.1207,0.892299455697332
2019,5,15,134.399994,76.370003,133.851074,190.919998,43.560291,283.680267,1.1208,0.892219842969308
2019,5,16,135.880005,76.360001,134.666031,190.080002,43.937351,286.307495,1.1178,0.89461442118447
